工人:1 完成工作所需时间: 2.99387 0.233772 7.63878 7.10715 1.47954 1.54698 2.23304 1.17679 5.33921 0 
工人:2 完成工作所需时间: 6.18885 5.50829 3.69091 3.95703 4.00616 0.451674 8.92666 2.2898 4.1728 0 
工人:3 完成工作所需时间: 0.0955229 9.22727 2.12653 2.15186 2.09082 8.66878 5.42955 3.62804 4.69771 2.15186 
工人:4 完成工作所需时间: 7.70867 0.314646 0.569781 1.24302 2.92978 7.68212 6.19037 0.763878 6.56636 1.24302 
工人:5 完成工作所需时间: 4.88815 6.13483 5.22263 8.37611 5.96271 2.17505 1.28147 1.742 8.98953 2.17505 
工人:6 完成工作所需时间: 4.12885 0.753807 7.35862 4.93789 4.5262 0.260933 0.119022 2.67159 3.68786 0.260933 
工人:7 完成工作所需时间: 6.18366 7.45537 3.63079 2.08045 9.95819 9.17905 0.351878 3.13334 2.46345 4.45631 
工人:8 完成工作所需时间: 6.40584 7.40104 7.0043 7.18101 4.43251 0.109256 3.45225 9.29106 8.21223 8.40035
工人:9 完成工作所需时间: 0.206305 3.77697 2.79458 0.296945 7.88903 8.52168 0.28016 7.38884 3.84594 6.94157 
工人:10 完成工作所需时间: 2.80251 8.36085 1.50609 8.0343 9.28251 1.86407 3.67077 9.00449 7.51549 0 
10 1 3 9 7 5 4 8 2 6     47.5295
10 1 9 5 7 4 8 3 2 6     46.0491
10 4 1 8 2 7 5 6 9 3     43.2322
10 4 2 1 9 5 6 7 8 3     37.9385
5 7 2 4 8 10 1 6 9 3     37.1468
6 8 4 9 3 10 5 7 1 2     27.6373
5 2 10 8 6 4 1 7 9 3     35.4076
10 7 9 8 6 1 5 2 3 4     41.887
1 9 8 10 6 5 3 2 7 4     41.9889
6 4 10 2 5 3 7 1 8 9     43.9265
6 4 10 2 5 3 7 1 8 9     43.9265
4 7 5 9 3 10 6 2 8 1     30.8954
9 1 3 4 7 5 2 10 8 6     44.0126
9 1 3 4 7 5 2 10 8 6     44.0126
3 7 8 6 1 10 2 4 9 5     42.0109
10 1 9 6 8 3 7 2 5 4     34.1258
2 1 9 6 8 3 7 10 5 4     31.1267
5 9 3 7 8 4 10 1 6 2     33.9305
1 4 6 7 8 5 2 9 10 3     25.7268
1 9 8 6 7 4 3 10 5 2     50.8887
8 9 2 4 3 10 1 5 7 6     41.8052
4 5 2 3 1 10 7 9 8 6     39.3933
10 4 7 3 1 2 5 6 8 9     58.8461
4 8 5 1 3 7 2 6 10 9     20.9085
3 10 6 5 7 2 1 9 4 8     36.0298
10 3 6 4 7 9 1 2 5 8     48.8278
9 3 2 5 1 8 10 6 4 7     41.5897
9 3 2 5 1 8 10 6 4 7     41.5897
8 6 1 2 9 10 7 3 4 5     44.5244
7 10 1 9 6 3 2 8 4 5     42.7485
2 4 1 5 8 3 10 6 9 7     39.3057
5 6 10 4 8 2 1 9 7 3     23.4367
6 9 1 3 2 10 8 7 5 4     23.8972
6 3 1 2 4 7 9 10 5 8     45.5449
8 9 1 6 2 10 7 4 5 3     32.1131
9 10 1 8 2 5 4 3 7 6     36.6369
8 5 1 3 9 6 7 4 10 2     24.5128
3 5 4 10 1 7 9 8 2 6     39.3225
3 1 7 5 8 6 10 9 4 2     30.6326
3 7 1 5 8 6 10 9 4 2     27.134
2 4 6 5 10 8 1 9 7 3     25.4738
2 9 7 5 10 3 1 6 8 4     45.7183
7 2 9 1 4 10 5 6 8 3     33.7111
7 2 1 9 4 10 6 3 8 5     35.6102
7 5 9 2 10 4 1 3 8 6     50.0711
6 4 10 9 5 1 3 7 8 2     40.4013
9 6 2 4 8 7 10 3 5 1     19.783
9 10 5 4 6 7 8 3 2 1     29.0313
6 4 5 8 9 7 10 3 2 1     34.0883
7 10 2 1 9 8 5 6 4 3     37.593
4 3 10 2 5 6 9 8 7 1     32.4506
4 6 10 3 7 5 8 1 9 2     36.671
1 10 2 5 9 7 4 6 8 3     41.6495
2 7 10 3 4 9 1 5 8 6     46.4919
1 6 3 8 2 5 9 10 7 4     27.0367
6 3 5 1 10 2 9 8 4 7     33.4007
3 1 6 2 10 7 5 4 8 9     34.9409
8 6 3 1 2 4 5 7 10 9     22.7482
3 6 2 8 7 4 5 9 10 1     32.4458
6 9 4 8 2 7 1 3 10 5     30.1691
8 2 3 10 4 5 9 6 1 7     32.8352
8 5 1 9 10 4 6 3 7 2     33.1062
7 2 9 3 5 8 6 10 1 4     22.6249
2 8 10 4 6 9 5 3 7 1     31.8159
2 1 5 9 6 8 10 7 4 3     31.7103
5 7 10 4 8 6 1 3 9 2     27.0727
1 2 10 6 8 4 9 3 7 5     36.7025
4 8 2 1 5 10 6 7 3 9     23.3485
10 4 1 2 6 8 5 7 3 9     47.6757
10 9 2 1 6 8 5 7 3 4     32.5465
10 5 2 1 7 3 4 9 6 8     33.3958
10 5 2 1 7 3 4 9 6 8     33.3958
10 5 7 1 2 3 4 8 6 9     28.0654
10 2 3 7 9 8 4 6 5 1     36.4183
10 6 2 7 5 9 1 8 3 4     38.9676
10 3 4 5 9 6 7 2 8 1     39.4998
4 8 2 3 5 9 6 7 10 1     21.55
10 1 6 2 9 4 7 3 8 5     48.5452
9 1 6 2 10 4 7 3 8 5     43.2218
4 8 1 2 3 10 6 7 5 9     28.229
3 8 7 10 4 5 6 1 2 9     37.1526
9 7 10 3 5 2 4 8 6 1     21.811
3 2 8 9 6 7 4 10 5 1     30.2179
6 2 8 10 1 5 3 4 9 7     36.2783
4 3 9 7 1 10 6 2 8 5     52.0212
7 1 3 6 8 10 9 5 2 4     39.6365
2 1 7 6 4 8 9 5 10 3     40.015
1 8 4 5 2 10 7 3 6 9     17.4194
2 7 4 3 9 10 6 1 5 8     35.324
2 3 4 6 9 10 7 1 5 8     47.13
9 1 5 10 4 7 3 2 6 8     33.9885
6 9 5 10 4 2 3 7 8 1     36.0829
6 8 9 1 10 3 4 7 5 2     25.41
3 8 10 7 4 9 2 5 1 6     42.4784
5 4 6 7 9 8 2 10 1 3     35.7073
5 4 6 2 9 7 8 10 1 3     40.9622
2 9 3 10 4 8 7 6 1 5     37.7599
2 9 3 5 4 8 7 6 10 1     23.6103
5 9 3 7 4 1 2 6 10 8     37.9125
6 9 2 10 3 8 5 7 4 1     27.5765
3 1 2 7 4 6 5 10 8 9     39.4693
5 2 4 8 10 7 9 6 3 1     30.4209
5 2 9 8 10 3 1 4 7 6     32.6835
6 8 4 3 9 2 10 7 5 1     25.2132
7 10 3 1 9 8 2 6 4 5     37.0977
7 2 5 8 10 4 3 9 6 1     27.6247
7 2 5 8 10 9 6 4 3 1     27.6525
6 8 10 7 4 3 2 9 1 5     30.5841
2 10 8 9 3 5 7 6 1 4     29.5209
5 7 3 9 8 2 6 4 10 1     20.0681
10 8 3 6 7 2 9 4 5 1     36.2688
9 1 2 3 5 6 4 10 8 7     34.6989
9 1 2 3 5 7 4 10 8 6     42.0469
3 6 7 9 1 2 4 10 8 5     55.5892
6 7 1 3 2 5 9 4 10 8     29.9829
4 7 6 1 9 3 2 10 5 8     31.6007
10 3 8 2 7 4 1 5 6 9     51.7646
7 10 5 4 8 1 2 6 9 3     32.7497
4 9 6 10 1 8 5 7 3 2     33.0528
4 1 9 10 2 5 3 8 7 6     38.0618
1 7 5 4 2 3 6 10 8 9     31.7826
7 2 10 5 1 8 4 3 9 6     37.0779
7 6 2 1 10 8 3 9 5 4     24.6873
7 6 2 1 10 8 3 9 5 4     24.6873
8 1 4 3 7 2 6 9 10 5     32.0161
3 4 6 5 9 1 7 2 10 8     36.0674
8 2 9 6 5 7 3 1 10 4     31.1258
9 8 3 1 6 2 7 4 10 5     28.8687
4 2 1 3 8 5 6 10 7 9     27.2912
2 8 10 1 7 4 3 9 6 5     33.6592
7 1 8 10 2 4 3 6 9 5     48.7652
3 1 9 8 2 4 7 6 10 5     36.6726
1 8 7 10 3 5 2 9 6 4     22.4113
7 8 6 10 5 1 2 9 4 3     24.7911
10 6 9 1 5 4 2 8 3 7     28.2928
6 10 3 7 9 8 2 5 4 1     35.5281
7 9 3 1 2 5 4 10 8 6     42.6099
7 8 5 9 2 3 4 10 1 6     39.7397
4 1 2 7 6 8 10 9 5 3     33.3073
6 8 10 2 4 3 1 7 9 5     37.4517
2 8 3 5 10 9 6 4 1 7     26.2185
2 8 3 5 10 9 6 4 1 7     26.2185
8 6 2 4 9 3 10 5 7 1     34.8738
5 9 2 7 6 3 8 4 10 1     34.1401
3 4 10 5 2 9 7 6 8 1     37.2976
9 6 8 5 2 4 10 3 7 1     22.1686
5 9 10 1 3 4 2 6 8 7     33.8847
5 9 4 6 8 10 1 3 7 2     35.8928
5 9 4 6 1 2 10 7 8 3     44.507
8 3 4 5 10 6 2 9 1 7     27.008
7 10 4 1 3 6 8 9 5 2     20.1419
7 6 4 10 8 9 1 5 2 3     41.6919
6 7 4 10 2 9 1 5 8 3     43.8188
6 7 4 10 2 9 1 5 8 3     43.8188
3 10 8 1 6 2 9 5 4 7     37.3095
10 2 8 1 7 5 6 3 9 4     27.1731
10 7 8 1 2 5 6 3 9 4     23.2966
8 1 9 4 2 3 6 10 7 5     30.9143
10 7 8 1 3 9 6 4 5 2     24.7285
10 3 4 9 7 1 6 8 5 2     38.9758
4 9 2 10 5 3 1 8 7 6     40.3879
10 7 2 5 1 9 3 4 8 6     53.7822
4 8 1 10 6 3 5 7 2 9     38.5473
4 3 6 9 1 5 7 10 2 8     45.8248
3 6 9 4 5 1 10 7 8 2     29.3704
5 8 7 3 4 10 6 9 1 2     28.5553
10 1 3 7 6 4 9 2 8 5     56.4959
10 1 3 7 6 4 9 2 8 5     56.4959
10 1 3 8 4 5 7 2 6 9     29.0481
5 6 4 3 10 9 8 2 7 1     31.6486
6 9 3 2 4 8 1 10 5 7     34.5402
6 9 3 2 4 8 1 10 5 7     34.5402
6 9 3 8 4 2 1 10 5 7     33.3338
1 10 3 8 4 6 7 9 5 2     21.529
1 4 3 8 10 6 7 9 5 2     28.6361
5 6 2 1 7 4 10 8 3 9     35.9618
5 10 1 4 7 6 9 3 8 2     37.0928
2 5 6 7 1 4 10 3 8 9     40.4743
5 2 6 7 1 4 10 3 8 9     39.2285
7 8 10 2 3 1 9 4 5 6     34.5845
2 1 9 3 8 10 7 6 5 4     26.2597
3 2 5 4 7 8 6 10 1 9     29.2932
7 6 2 10 4 3 5 8 1 9     33.5841
7 9 6 5 3 8 4 2 10 1     22.7931
9 10 2 3 6 8 1 7 4 5     36.6097
9 10 2 3 6 8 1 7 4 5     36.6097
7 10 1 5 4 9 2 6 8 3     40.5307
6 9 5 7 8 2 10 4 1 3     33.2154
6 9 5 7 3 2 10 4 1 8     37.6156
10 5 4 8 3 9 2 1 7 6     37.5353
6 5 10 7 4 2 8 3 9 1     29.0078
4 7 5 3 6 1 9 2 10 8     39.4681
7 1 5 8 4 3 10 2 6 9     28.7652
7 9 8 4 1 2 6 3 10 5     35.4051
7 9 8 6 1 2 4 3 10 5     46.599
7 9 8 6 1 2 4 3 10 5     46.599
7 9 8 6 1 2 3 4 10 5     47.4694
9 10 8 3 2 6 7 1 4 5     28.2788
1 10 8 3 2 6 7 9 4 5     24.5585
3 2 6 8 10 9 7 1 5 4     25.5782
5 3 7 8 2 10 4 6 9 1     45.2187
5 3 1 4 10 9 8 2 6 7     36.7284
2 8 7 9 6 1 5 10 3 4     43.6552
9 8 10 2 5 4 7 6 1 3     40.2084
9 7 8 4 1 10 5 6 2 3     40.4593
9 6 8 4 1 5 10 7 2 3     30.4685
5 9 3 7 2 8 10 4 1 6     33.7852
6 3 5 9 2 4 7 1 10 8     38.7249
9 7 5 10 4 3 8 2 6 1     25.2992
6 8 3 7 5 9 10 4 1 2     34.7407
10 7 3 4 1 2 6 9 5 8     36.465
7 2 10 5 3 8 6 1 9 4     19.5901
7 2 9 5 3 8 6 4 10 1     11.3569
6 10 5 9 3 8 7 4 2 1     20.8225
2 10 1 4 7 5 9 8 6 3     30.2188
2 8 1 4 7 5 9 10 6 3     32.7186
8 2 1 4 7 3 10 9 6 5     30.7102
10 4 8 9 3 1 2 6 5 7     34.1981
10 1 8 3 2 4 9 7 6 5     28.139
10 2 8 3 1 4 9 7 6 5     32.7729
2 1 10 5 9 6 4 7 8 3     31.2015
4 6 5 10 3 7 2 9 8 1     22.2709
7 6 3 10 5 4 2 9 8 1     31.4103
8 5 6 7 1 3 4 2 10 9     36.5313
6 7 9 1 8 5 3 4 10 2     26.444
5 8 7 10 6 2 9 4 1 3     41.041
1 3 8 2 6 4 7 9 10 5     45.6856
8 6 4 10 2 9 3 5 7 1     37.9354
3 9 5 2 7 4 8 10 6 1     40.5826
6 8 5 7 4 10 9 2 1 3     34.3742
10 4 3 5 8 2 6 7 1 9     30.6522
1 8 7 10 6 5 2 3 9 4     38.7939
1 2 6 5 3 9 8 10 4 7     26.9246
8 6 1 3 4 7 9 10 5 2     28.7405
8 2 4 5 10 6 3 1 7 9     30.5402
8 2 4 5 10 6 3 1 7 9     30.5402
9 1 4 5 6 2 10 7 3 8     37.8646
1 6 7 2 5 10 9 3 4 8     46.6942
6 5 8 10 1 3 4 7 2 9     35.3893
4 3 8 10 5 1 6 7 2 9     31.7582
4 3 8 10 5 9 6 7 2 1     32.2199
6 2 7 3 9 8 1 5 10 4     33.9793
8 1 6 2 5 3 9 7 10 4     25.1619
5 10 7 4 9 1 8 6 2 3     44.5793
10 5 8 2 9 1 6 3 7 4     32.092
8 5 6 3 10 1 7 2 9 4     26.2725
8 5 10 1 6 3 9 7 4 2     29.4775
4 1 3 6 7 10 8 9 2 5     44.1441
9 10 2 1 8 3 6 5 7 4     25.5586
1 3 7 4 8 2 9 10 6 5     41.7585
8 3 7 4 1 2 9 10 6 5     48.7033
4 1 8 3 10 5 9 7 2 6     34.5784
5 6 3 2 10 4 9 1 8 7     43.527
5 2 10 4 3 1 7 6 8 9     30.2786
5 1 6 10 2 9 8 7 4 3     27.9006
4 6 1 8 7 5 10 2 9 3     42.2401
1 8 2 9 6 3 10 7 4 5     39.9704
1 10 5 9 2 8 3 7 4 6     34.1737
5 7 1 9 2 10 3 6 4 8     46.7168
8 4 1 6 2 10 9 3 7 5     43.1144
2 5 4 9 10 1 8 6 7 3     34.3629
10 1 6 9 4 5 3 2 8 7     39.7342
3 10 5 4 8 2 9 7 1 6     32.024
4 10 5 2 8 3 9 7 1 6     38.1872
8 7 6 1 9 2 4 5 10 3     33.1721
3 9 4 2 8 6 7 10 5 1     30.6766
6 7 8 5 1 9 4 3 10 2     35.6575
6 4 7 5 1 8 2 9 10 3     33.5871
4 6 10 5 1 8 2 9 7 3     22.5526
7 4 10 1 6 8 3 9 2 5     41.7389
7 9 8 1 2 10 6 3 4 5     29.176
7 9 8 1 2 10 6 3 4 5     29.176
7 10 8 6 9 1 2 3 4 5     41.8677
7 5 8 3 9 10 2 1 4 6     37.2774
8 2 1 3 10 9 5 7 6 4     24.066
9 1 2 10 8 3 7 4 5 6     31.7942
7 4 10 1 5 9 6 2 8 3     38.9239
2 7 9 1 10 3 4 8 6 5     29.0365
2 1 9 4 7 10 3 5 6 8     42.4989
5 6 9 10 2 3 1 4 7 8     30.4593
2 6 7 10 5 3 1 4 9 8     42.5883
6 4 1 7 10 3 8 5 9 2     49.8102
6 10 2 9 7 8 3 1 4 5     46.7507
6 10 2 9 7 1 3 8 4 5     46.8465
7 3 2 9 6 1 10 8 4 5     48.8794
10 5 7 3 2 8 9 6 4 1     34.8436
10 3 5 9 2 4 7 1 8 6     49.1488
7 3 6 8 1 4 2 10 5 9     41.2918
6 9 3 10 5 8 7 4 1 2     28.236
4 3 8 2 5 9 6 10 1 7     42.4784
10 2 8 3 7 5 6 1 9 4     31.757
10 2 5 6 3 8 7 1 9 4     30.0323
1 6 9 2 3 8 7 10 5 4     26.5636
10 6 9 3 7 8 1 5 2 4     37.5637
10 6 9 3 7 5 1 8 2 4     34.9596
4 10 1 5 3 2 6 8 9 7     26.8709
2 6 1 9 3 8 7 4 10 5     24.8338
9 7 6 10 2 5 3 8 1 4     28.3087
1 6 5 10 2 3 8 7 9 4     24.7749
4 7 5 10 2 6 8 3 9 1     25.6017
10 6 5 8 2 7 9 3 1 4     24.7987
10 8 2 5 9 7 6 3 1 4     27.2182
10 3 2 1 8 9 6 4 5 7     30.0501
10 3 2 1 8 9 6 4 5 7     30.0501
3 10 5 9 8 1 6 4 2 7     24.3785
3 10 4 9 2 1 7 5 6 8     31.4328
3 10 4 9 2 1 7 5 6 8     31.4328
3 9 4 10 2 1 7 8 6 5     27.9015
3 9 10 4 5 1 7 2 6 8     30.3815
7 9 10 4 2 5 3 1 6 8     34.8088
9 7 10 4 2 5 3 1 6 8     31.7026
6 10 8 4 2 7 3 1 9 5     35.6813
4 5 6 7 1 2 8 10 9 3     39.339
5 1 3 10 2 7 8 9 6 4     15.974
5 8 3 10 6 1 9 7 2 4     31.3276
9 6 4 3 8 7 10 2 1 5     31.6871
9 6 4 3 8 7 10 2 1 5     31.6871
9 10 6 8 5 7 1 3 4 2     27.0086
4 7 2 8 9 6 5 3 10 1     28.4741
4 7 2 8 9 10 5 3 6 1     28.5833
4 7 2 3 9 10 5 8 6 1     26.5844
9 2 6 3 4 10 5 8 7 1     17.5481
2 5 6 1 7 8 4 9 10 3     20.155
2 5 10 1 7 8 4 9 6 3     19.8126
7 2 10 4 9 8 5 1 3 6     36.9298
3 10 2 1 7 6 9 4 5 8     31.5589
10 5 7 9 4 6 1 3 2 8     41.0715
5 1 7 3 4 10 6 9 2 8     34.9794
2 1 8 7 6 4 3 5 10 9     47.9342
9 6 10 5 4 8 3 7 2 1     21.9407
10 4 6 5 9 3 8 7 2 1     32.0695
7 3 6 4 9 5 8 10 2 1     37.5066
5 7 2 4 10 8 9 3 6 1     20.5124
3 4 6 2 5 8 1 7 10 9     29.7845
7 6 10 5 4 8 9 1 3 2     27.2756
7 6 10 5 4 8 9 2 3 1     24.9767
7 6 10 5 4 8 9 2 3 1     24.9767
8 3 10 5 6 7 2 4 9 1     29.946
10 1 3 9 2 7 6 5 4 8     37.7676
10 1 3 9 2 7 6 5 4 8     37.7676
7 10 6 5 4 1 8 3 9 2     26.9652
10 6 3 7 5 1 8 4 9 2     35.2266
6 1 3 7 5 10 8 4 9 2     33.9604
6 1 3 10 4 7 8 5 9 2     35.9801
1 5 6 7 8 3 4 10 9 2     34.7307
1 9 5 10 4 7 6 8 2 3     27.6116
1 9 6 10 4 7 5 8 2 3     28.3224
8 2 7 10 5 6 3 9 4 1     33.6265
1 9 6 2 10 3 8 5 4 7     41.5748
7 6 3 1 9 10 2 5 4 8     39.3567
7 5 6 1 8 4 2 10 3 9     27.2271
5 1 10 3 4 7 8 9 6 2     16.6662
3 1 10 5 4 6 8 9 7 2     20.867
3 7 10 5 4 6 1 9 8 2     27.4023
3 7 10 5 8 6 1 9 4 2     24.8131
9 8 10 3 5 7 6 4 1 2     20.0388
4 8 10 5 1 7 6 9 3 2     25.7634
2 8 7 4 3 10 6 9 5 1     22.3634
2 8 9 1 10 6 3 5 4 7     33.6412
2 7 9 6 10 5 3 1 4 8     50.3925
10 7 4 3 9 8 5 1 6 2     31.221
4 1 10 3 5 8 9 2 6 7     21.3248
4 2 10 3 5 8 9 1 6 7     17.293
10 2 4 9 3 8 5 1 6 7     22.2996
4 9 10 8 2 6 1 7 5 3     23.1648
9 4 10 8 2 6 1 7 5 3     24.9327
9 2 10 8 4 6 1 7 5 3     18.9877
3 2 10 9 4 5 1 7 6 8     24.116
5 2 6 10 9 7 1 3 8 4     28.0328
5 2 6 10 9 7 3 1 8 4     33.8154
8 2 4 1 3 10 5 7 9 6     28.6431
5 7 9 2 1 3 10 8 4 6     47.6614
4 2 7 6 1 8 10 3 9 5     47.2729
4 5 2 6 10 8 9 3 1 7     32.6463
4 5 2 10 3 8 9 6 1 7     31.0044
10 7 3 1 8 4 9 5 6 2     32.6917
4 9 6 8 7 5 2 10 3 1     33.9927
7 9 6 3 5 4 2 10 8 1     33.9308
7 9 6 5 3 4 2 10 8 1     31.5351
7 9 6 5 3 1 2 10 8 4     28.1378
7 9 6 5 3 1 2 10 8 4     28.1378
7 9 2 1 3 5 6 10 8 4     31.7808
7 9 2 1 3 6 4 10 5 8     34.9034
7 9 10 1 2 6 4 3 5 8     28.3145
4 3 10 9 2 5 8 7 6 1     21.9529
8 2 9 4 7 6 1 10 5 3     30.7361
8 4 9 5 7 6 1 10 2 3     40.517
4 7 10 8 5 6 2 9 3 1     21.3938
4 1 10 8 5 9 2 6 3 7     35.7585
4 3 10 7 5 9 2 6 8 1     44.4179
5 1 10 8 4 9 2 6 7 3     33.0342
5 3 6 4 7 9 2 10 8 1     40.1297
2 3 6 5 10 1 9 8 4 7     30.5948
9 2 10 5 6 7 3 8 4 1     29.1675
9 8 6 1 5 7 2 10 4 3     21.1209
9 10 6 1 5 7 2 8 4 3     18.6212
6 10 3 1 2 9 8 4 7 5     29.1839
10 8 1 9 2 6 5 4 3 7     28.4442
10 6 1 3 8 2 7 4 5 9     27.239
1 6 10 9 8 2 7 4 5 3     22.57
1 6 10 9 8 2 7 3 5 4     21.6227
5 10 4 6 3 8 2 9 7 1     21.8134
9 8 6 7 3 4 2 10 5 1     25.8528
9 8 6 7 3 4 2 10 5 1     25.8528
9 8 6 7 3 4 2 10 5 1     25.8528
8 5 6 7 3 4 2 10 9 1     29.9353
8 4 6 1 2 5 10 9 3 7     23.9405
8 4 6 1 2 5 10 9 3 7     23.9405
8 4 6 1 2 5 10 9 3 7     23.9405
5 4 10 7 9 2 1 3 8 6     50.8103
6 5 2 1 10 3 8 7 9 4     25.0816
6 5 2 1 10 3 8 7 9 4     25.0816
5 7 3 1 2 6 10 9 4 8     25.8034
8 10 3 1 5 6 7 2 4 9     27.4926
8 10 3 1 7 6 5 2 4 9     35.1604
3 2 9 7 5 4 10 6 1 8     44.3767
2 7 1 3 9 4 8 10 6 5     40.6171
2 7 8 5 9 1 4 10 6 3     30.3662
2 7 8 5 9 1 4 10 6 3     30.3662
6 5 2 10 4 8 3 7 1 9     30.087
6 10 2 5 4 8 3 7 1 9     28.5464
6 10 2 5 4 8 3 7 1 9     28.5464
10 6 2 5 8 1 7 3 4 9     29.5749
10 6 2 5 1 8 7 3 4 9     33.3735
10 6 3 5 1 2 7 9 4 8     38.3245
4 6 10 5 7 2 1 9 3 8     36.9485
8 6 10 3 7 2 5 9 1 4     29.6912
2 10 6 1 4 8 5 9 3 7     17.8063
2 10 6 1 4 8 5 9 7 3     16.7687
2 5 4 10 6 8 1 9 3 7     30.8893
2 4 10 1 6 8 7 9 3 5     34.1026
2 8 10 4 6 1 3 9 7 5     37.0623
2 8 10 4 6 1 3 9 7 5     37.0623
6 8 10 4 2 1 7 9 3 5     26.0073
6 8 10 4 2 1 7 9 3 5     26.0073
6 9 10 4 2 1 7 8 3 5     30.8396
4 1 10 6 2 9 7 8 3 5     39.1125
5 1 10 6 2 9 7 8 3 4     31.5204
5 8 10 1 2 9 7 4 3 6     28.302
5 8 10 1 3 9 7 4 2 6     28.9538
5 8 10 9 3 2 7 4 1 6     29.7061
5 2 10 9 3 1 7 4 8 6     30.4016
5 2 10 9 3 1 7 4 8 6     30.4016
5 7 10 6 4 2 1 3 8 9     39.1763
8 9 3 1 10 5 6 7 2 4     24.6422
8 1 3 9 2 5 6 10 7 4     26.1263
8 1 3 9 2 5 6 10 7 4     26.1263
4 1 3 9 2 5 6 10 7 8     33.2182
4 1 3 5 2 9 6 10 7 8     33.6381
4 8 3 5 2 10 7 9 6 1     12.3463
8 9 7 5 2 10 6 4 3 1     28.3984
5 9 7 8 4 10 6 2 3 1     36.2389
5 1 8 7 4 3 6 2 10 9     28.7411
5 1 8 7 4 3 6 2 10 9     28.7411
2 1 8 3 4 7 6 5 10 9     23.9998
2 1 5 3 4 6 7 8 10 9     19.6429
2 9 5 8 4 6 7 3 10 1     20.3476
1 8 3 5 4 6 2 9 10 7     13.874
1 8 3 5 4 6 2 9 10 7     13.874
1 8 3 5 4 6 2 9 10 7     13.874
6 5 9 1 2 3 4 8 10 7     19.6365
6 5 9 1 2 3 4 8 10 7     19.6365
4 5 10 1 2 3 6 8 9 7     18.999
4 10 5 1 2 3 7 8 9 6     29.6252
8 10 9 1 2 3 7 4 6 5     20.0034
8 10 9 1 2 3 7 4 6 5     20.0034
10 9 2 1 4 8 7 3 6 5     25.6761
10 9 2 1 4 8 7 3 6 5     25.6761
10 9 6 2 4 8 3 5 7 1     38.9785
10 2 6 4 3 5 7 9 8 1     21.4496
2 10 6 4 3 5 7 9 8 1     21.2159
6 10 2 1 3 5 8 9 7 4     21.0205
3 8 5 1 10 2 7 9 6 4     15.645
3 8 5 1 10 9 7 2 6 4     23.4916
8 7 9 4 1 5 10 6 3 2     42.4503
5 2 1 3 7 6 9 10 4 8     39.6286
5 2 1 3 7 8 10 9 4 6     34.9086
5 2 1 3 7 8 10 9 4 6     34.9086
9 2 1 3 5 8 10 7 4 6     29.5364
9 2 1 3 5 8 10 7 4 6     29.5364
5 2 3 1 9 8 10 7 6 4     13.3476
5 10 1 4 9 8 2 7 6 3     20.6586
5 10 1 4 9 8 2 7 6 3     20.6586
5 10 1 4 9 8 2 7 6 3     20.6586
4 10 5 3 2 8 7 9 6 1     11.0874
4 10 5 3 2 8 7 9 6 1     11.0874
4 10 5 3 2 8 7 9 6 1     11.0874
4 6 5 3 2 8 7 9 10 1     12.5251
4 6 5 10 2 8 7 9 3 1     19.5547
5 9 6 10 2 8 1 7 3 4     21.7814
5 8 6 10 2 9 1 7 3 4     24.8665
4 10 8 2 3 7 6 9 1 5     30.3876
4 6 8 5 3 7 10 9 1 2     20.6861
4 6 8 5 3 7 10 9 1 2     20.6861
8 10 4 5 3 7 6 9 1 2     20.8063
8 10 3 1 4 6 5 9 7 2     21.4234
8 10 3 1 4 6 5 9 7 2     21.4234
8 10 3 1 4 6 5 9 2 7     21.8754
8 10 3 1 4 6 5 9 2 7     21.8754
8 10 3 1 4 6 5 9 2 7     21.8754
1 10 3 8 4 6 2 9 5 7     18.667
3 10 1 9 4 6 2 8 5 7     22.9044
5 10 1 8 4 6 2 9 3 7     23.7367
3 10 1 8 2 6 4 9 5 7     24.4206
3 10 1 8 2 6 4 9 5 7     24.4206
3 10 1 8 2 6 4 9 5 7     24.4206
3 2 1 8 10 6 4 7 5 9     27.037
5 2 1 8 10 6 4 7 3 9     29.6088
6 7 8 9 2 5 4 10 1 3     34.0925
10 6 9 8 2 5 4 7 1 3     30.1154
10 6 9 8 2 5 4 7 1 3     30.1154
5 6 8 10 2 7 4 9 1 3     24.1865
5 6 8 9 2 7 4 10 1 3     28.7252
5 6 3 9 10 8 4 7 1 2     28.3932
5 6 3 9 10 8 4 7 2 1     25.8177
5 6 3 9 10 8 4 7 2 1     25.8177
5 6 3 9 10 8 4 7 2 1     25.8177
5 6 3 1 10 8 9 7 2 4     20.0562
5 6 10 9 1 8 3 7 2 4     31.1039
5 6 10 9 1 8 3 7 2 4     31.1039
5 6 10 9 1 8 3 7 2 4     31.1039
5 6 10 9 1 8 3 7 2 4     31.1039
1 6 10 9 5 8 3 7 2 4     26.325
1 3 10 9 5 8 6 2 7 4     28.4738
4 10 3 9 5 8 6 7 2 1     21.2806
4 6 10 3 2 7 5 9 1 8     26.054
4 6 10 3 2 7 5 9 1 8     26.054
4 6 10 3 2 7 5 9 1 8     26.054
4 6 10 3 2 5 7 9 1 8     26.328
4 6 10 3 2 5 7 9 1 8     26.328
4 6 10 3 2 5 7 9 1 8     26.328
4 6 10 3 2 5 7 9 1 8     26.328
3 6 10 4 2 5 7 9 1 8     26.3533
3 6 10 4 2 5 7 9 1 8     26.3533
3 6 10 4 2 5 1 9 7 8     27.4096
3 10 6 4 2 5 1 9 7 8     26.3143
5 2 8 4 10 3 1 9 7 6     29.7073
4 2 8 5 10 3 1 9 7 6     29.6463
4 2 8 5 10 3 7 9 1 6     28.59
10 2 8 7 4 3 5 9 1 6     36.3359
7 4 9 5 8 1 2 3 10 6     31.9291
7 8 2 5 4 1 6 3 10 9     22.6447
7 1 4 5 3 8 6 10 2 9     27.3177
7 1 4 5 3 8 6 10 2 9     27.3177
7 1 4 5 3 8 6 10 2 9     27.3177
4 1 6 5 2 8 10 7 3 9     19.0561
4 1 6 5 2 8 10 7 3 9     19.0561
4 1 6 5 2 8 10 7 3 9     19.0561
4 1 6 5 2 8 7 10 3 9     23.0186
4 1 6 5 2 8 7 10 3 9     23.0186
4 8 6 5 2 7 10 1 3 9     22.6102
4 8 6 5 3 7 10 1 2 9     23.2621
4 8 6 5 3 7 10 1 2 9     23.2621
4 8 6 2 3 7 10 1 5 9     27.43
4 5 6 2 8 7 10 1 3 9     30.4987
4 10 6 2 8 7 5 1 3 9     33.2844
4 6 10 3 2 7 5 8 1 9     23.1809
4 6 10 3 2 7 5 8 1 9     23.1809
4 6 10 3 2 7 5 1 8 9     29.1165
1 5 8 3 2 7 6 9 10 4     10.5133
1 5 8 3 2 7 6 9 10 4     10.5133
1 2 6 3 5 7 8 9 10 4     12.4552
1 2 6 3 5 7 8 9 10 4     12.4552
1 2 6 8 5 7 3 9 10 4     18.6438
1 2 6 8 5 7 3 9 10 4     18.6438
1 2 6 8 5 7 3 9 10 4     18.6438
1 2 6 8 5 7 3 9 10 4     18.6438
1 2 6 8 5 7 3 9 10 4     18.6438
1 2 6 3 5 7 8 9 10 4     12.4552
1 2 6 3 5 7 8 9 10 4     12.4552
3 2 6 1 5 7 8 9 10 4     10.4242
1 2 6 3 5 7 8 9 10 4     12.4552
7 2 10 3 5 8 1 9 6 4     14.0306
7 2 10 3 5 8 1 9 6 4     14.0306
5 7 10 3 2 8 4 9 6 1     14.1331
5 7 10 3 2 8 4 9 6 1     14.1331
5 7 10 3 2 8 4 9 6 1     14.1331
5 7 10 3 2 8 4 9 6 1     14.1331
5 7 10 3 2 8 4 9 6 1     14.1331
5 7 10 3 2 8 4 9 6 1     14.1331
5 7 10 4 2 8 3 9 6 1     16.5792
3 9 10 4 2 8 5 7 6 1     14.7414
1 9 10 4 2 8 5 7 6 3     17.3296
1 9 6 5 4 8 2 7 10 3     14.767
1 9 6 5 4 8 2 7 10 3     14.767
1 9 6 5 4 8 2 7 10 3     14.767
1 9 6 5 4 8 2 7 10 3     14.767
1 9 6 5 4 8 2 7 10 3     14.767
1 9 6 5 4 8 2 7 10 3     14.767
1 9 6 5 4 8 2 7 10 3     14.767
1 2 6 5 4 8 9 3 10 7     13.3601
1 2 6 5 4 8 9 3 10 7     13.3601
1 2 6 5 4 8 9 3 10 7     13.3601
1 2 6 5 4 8 9 3 10 7     13.3601
1 2 6 5 4 8 9 3 10 7     13.3601
1 2 6 5 4 8 9 3 10 7     13.3601
1 2 6 5 4 8 9 3 10 7     13.3601
1 2 6 5 4 8 9 3 10 7     13.3601
1 2 6 5 4 8 9 3 10 7     13.3601
1 2 6 4 5 8 9 3 10 7     15.1079
1 2 6 4 5 8 9 3 10 7     15.1079
1 2 6 4 5 8 9 3 10 7     15.1079
1 2 6 4 5 8 9 3 10 7     15.1079
1 7 6 5 2 8 9 3 10 4     14.4478
1 7 6 5 2 8 9 3 10 4     14.4478
1 7 9 5 2 8 6 3 10 4     14.742
1 7 9 5 2 8 6 3 10 4     14.742
1 7 9 5 2 8 6 3 10 4     14.742
1 7 9 5 2 8 6 3 10 4     14.742
1 7 9 5 2 8 6 3 10 4     14.742
1 7 9 5 2 8 6 3 10 4     14.742
1 7 9 5 2 8 6 3 10 4     14.742
1 7 9 5 2 8 6 3 10 4     14.742
1 7 9 5 2 8 6 3 10 4     14.742
1 7 9 5 2 8 6 3 10 4     14.742
1 7 9 5 2 8 6 3 10 4     14.742
1 7 9 5 2 8 6 3 10 4     14.742
1 7 9 5 2 8 6 3 10 4     14.742
1 7 9 5 2 8 10 3 6 4     14.8512
1 7 9 5 2 8 10 3 6 4     14.8512
1 7 9 5 2 8 10 3 6 4     14.8512
5 7 9 1 2 8 10 3 6 4     12.8559
5 7 9 1 2 8 10 3 6 4     12.8559
5 7 9 1 2 8 10 3 6 4     12.8559
5 7 9 1 2 8 10 3 6 4     12.8559
5 7 9 1 2 8 10 3 6 4     12.8559
5 7 9 1 2 8 10 3 6 4     12.8559
5 7 9 1 2 8 10 3 6 4     12.8559
5 7 9 1 2 8 10 3 6 4     12.8559
5 7 9 1 2 8 10 3 6 4     12.8559
5 7 9 1 2 8 10 3 6 4     12.8559
5 7 9 1 2 8 10 3 6 4     12.8559
5 7 9 1 2 8 10 3 6 4     12.8559
5 7 9 1 2 8 10 3 6 4     12.8559
5 7 9 1 2 8 10 3 6 4     12.8559
5 7 9 1 2 8 10 3 6 4     12.8559
5 7 9 1 2 8 10 3 6 4     12.8559
5 7 9 1 2 8 10 3 6 4     12.8559
5 7 9 1 2 8 10 3 6 4     12.8559
5 7 9 1 2 8 10 3 6 4     12.8559
5 7 9 1 2 8 10 3 6 4     12.8559
5 7 9 1 2 8 10 3 6 4     12.8559
5 7 9 1 2 8 10 3 6 4     12.8559
5 8 9 1 2 7 10 3 6 4     11.3392
5 8 9 1 2 7 10 3 6 4     11.3392
5 8 9 1 2 10 7 3 6 4     12.0908
5 8 9 1 2 10 7 3 6 4     12.0908
5 8 9 1 2 10 7 3 6 4     12.0908
5 8 3 1 2 10 7 9 6 4     10.4416
2 5 3 1 10 8 6 9 7 4     14.7246
2 5 3 1 10 8 6 9 7 4     14.7246
2 5 3 1 10 8 6 9 7 4     14.7246
2 5 3 1 10 8 6 9 7 4     14.7246
2 5 3 1 10 8 6 9 7 4     14.7246
2 5 3 1 10 8 6 9 7 4     14.7246
2 5 3 1 10 8 6 9 7 4     14.7246
2 5 3 1 10 8 6 9 7 4     14.7246
2 5 1 3 10 8 6 9 7 4     19.2535
2 5 1 3 10 8 6 9 7 4     19.2535
2 5 1 3 10 8 6 9 7 4     19.2535
2 1 5 3 10 8 6 9 7 4     18.5852
3 1 5 10 2 8 6 9 7 4     17.6821
3 1 10 5 2 8 6 9 7 4     13.6149
3 1 10 5 2 8 6 9 7 4     13.6149
3 1 10 5 2 8 6 9 7 4     13.6149
5 1 10 3 2 8 6 9 7 4     13.6506
5 1 10 3 2 8 6 9 7 4     13.6506
5 1 10 3 2 8 6 9 7 4     13.6506
5 1 10 3 2 8 6 9 7 4     13.6506
5 1 10 3 2 8 6 9 7 4     13.6506
5 1 10 3 2 8 6 9 7 4     13.6506
5 1 10 3 2 8 6 9 7 4     13.6506
5 1 10 3 2 8 6 9 7 4     13.6506
5 1 10 3 2 8 6 9 7 4     13.6506
5 1 10 3 2 8 6 9 7 4     13.6506
5 7 10 3 2 8 6 9 1 4     15.8434
5 7 10 3 2 8 6 9 1 4     15.8434
5 7 10 3 2 8 6 9 1 4     15.8434
5 7 10 3 2 8 6 9 1 4     15.8434
5 7 10 3 2 8 6 9 1 4     15.8434
1 7 8 3 2 10 6 9 5 4     16.5929
1 7 8 3 2 10 6 9 5 4     16.5929
1 7 8 3 2 10 6 9 5 4     16.5929
1 7 8 3 2 10 6 9 5 4     16.5929
1 5 8 3 2 10 6 9 7 4     14.8592
1 5 8 3 2 10 6 9 7 4     14.8592
1 5 8 3 2 10 6 9 7 4     14.8592
1 5 8 3 2 6 10 9 7 4     14.8592
1 5 8 3 2 6 10 9 7 4     14.8592
5 1 8 3 2 6 7 9 10 4     12.7793
5 1 8 3 2 6 7 9 10 4     12.7793
5 1 8 3 2 6 7 9 10 4     12.7793
5 1 8 3 2 6 7 9 10 4     12.7793
5 1 8 3 2 6 7 9 10 4     12.7793
3 1 8 5 2 6 7 9 10 4     12.7436
3 1 8 5 2 6 7 9 10 4     12.7436
3 1 8 5 2 6 7 9 10 4     12.7436
3 1 8 5 2 6 7 9 10 4     12.7436
3 1 8 5 2 6 7 9 10 4     12.7436
5 1 8 3 2 6 7 9 10 4     12.7793
5 1 8 3 2 6 7 9 10 4     12.7793
5 1 8 3 2 6 7 9 10 4     12.7793
5 1 8 3 2 6 7 9 10 4     12.7793
5 1 8 3 2 6 7 9 10 4     12.7793
5 6 8 3 2 1 7 9 10 4     14.0455
5 6 8 3 2 1 7 9 10 4     14.0455
5 6 8 3 2 1 7 9 10 4     14.0455
5 6 8 3 2 1 7 9 10 4     14.0455
5 6 8 3 2 1 7 9 10 4     14.0455
5 6 8 3 2 1 7 9 10 4     14.0455
5 6 8 3 2 1 7 9 10 4     14.0455
5 8 6 3 2 1 7 9 10 4     11.8372
5 8 6 3 2 1 7 9 10 4     11.8372
5 1 6 3 2 8 7 9 10 4     10.5081
5 1 6 3 2 8 7 9 10 4     10.5081
5 1 6 3 2 8 7 9 10 4     10.5081
5 1 6 3 2 8 7 9 10 4     10.5081
5 1 6 3 2 8 7 9 10 4     10.5081
5 1 6 3 2 8 7 9 10 4     10.5081
5 1 6 3 2 8 7 9 10 4     10.5081
5 1 6 3 2 8 7 9 10 4     10.5081
5 1 6 3 2 8 7 9 10 4     10.5081
5 1 6 3 2 8 7 9 10 4     10.5081
5 1 6 3 2 8 7 9 10 4     10.5081
5 1 6 3 2 8 7 9 10 4     10.5081
5 1 6 3 2 8 7 9 10 4     10.5081
5 1 6 3 2 8 7 9 10 4     10.5081
5 1 6 3 2 8 7 9 10 4     10.5081
5 1 6 3 2 8 7 9 10 4     10.5081
5 1 6 3 2 8 7 9 10 4     10.5081
1 5 6 3 2 8 7 9 10 4     8.9938
1 5 6 3 2 8 7 9 10 4     8.9938
1 5 6 3 2 8 7 9 10 4     8.9938
1 5 6 3 2 8 7 9 10 4     8.9938
1 5 6 3 2 8 7 9 10 4     8.9938
1 5 6 3 2 8 7 9 10 4     8.9938
1 5 6 3 2 8 7 9 10 4     8.9938
1 5 6 3 2 8 7 9 10 4     8.9938
1 5 6 3 2 8 7 9 10 4     8.9938
1 5 6 3 2 8 7 9 10 4     8.9938
1 5 6 3 2 8 7 9 10 4     8.9938
4 5 6 3 2 8 7 9 10 1     8.90316
1 5 6 3 2 8 7 9 10 4     8.9938
1 5 6 3 2 8 7 9 10 4     8.9938
1 5 6 3 2 8 7 9 10 4     8.9938
4 5 6 3 2 8 7 9 10 1     8.90316
4 5 6 3 2 8 7 9 10 1     8.90316
4 5 6 3 2 8 7 9 10 1     8.90316
4 5 6 3 2 8 7 9 10 1     8.90316
4 5 6 3 2 8 7 9 10 1     8.90316
4 5 6 3 2 8 7 9 10 1     8.90316
4 5 6 3 2 8 7 9 10 1     8.90316
4 5 6 3 2 8 7 9 10 1     8.90316
4 5 6 3 2 8 7 9 10 1     8.90316
4 5 6 3 2 8 7 9 10 1     8.90316
4 5 6 3 2 8 7 9 10 1     8.90316
4 5 6 3 2 8 7 9 10 1     8.90316
4 5 6 3 2 8 7 9 10 1     8.90316
4 5 6 3 2 8 7 9 10 1     8.90316
4 5 6 3 2 8 7 9 10 1     8.90316
4 5 6 3 2 8 7 9 10 1     8.90316
4 5 6 3 2 8 7 9 10 1     8.90316
4 5 6 3 2 8 7 9 10 1     8.90316
4 5 6 3 2 8 7 9 10 1     8.90316
4 5 6 3 2 8 7 9 10 1     8.90316
4 5 6 3 2 8 7 9 10 1     8.90316
4 5 6 3 2 8 7 9 10 1     8.90316
4 5 6 3 2 8 7 9 10 1     8.90316
4 5 6 3 2 8 7 9 10 1     8.90316
4 5 6 3 2 8 7 9 10 1     8.90316
4 5 6 3 2 8 7 9 10 1     8.90316
4 5 6 3 2 8 7 9 10 1     8.90316
4 5 6 3 2 8 7 9 10 1     8.90316
4 5 6 3 2 8 7 9 10 1     8.90316
4 5 6 3 2 8 7 9 10 1     8.90316
4 5 6 3 2 8 7 9 10 1     8.90316
4 5 6 3 2 8 7 9 10 1     8.90316
4 5 6 3 2 8 7 9 10 1     8.90316
4 5 6 3 2 8 7 9 10 1     8.90316
3 5 6 4 2 8 7 9 10 1     8.9285
3 5 6 4 2 8 7 9 10 1     8.9285
3 5 6 4 2 8 7 9 10 1     8.9285
3 5 6 4 2 8 7 9 10 1     8.9285
3 5 6 4 2 8 7 9 10 1     8.9285
3 5 6 4 2 8 7 9 10 1     8.9285
3 5 6 4 2 8 7 9 10 1     8.9285
3 5 6 4 2 8 7 9 10 1     8.9285
4 5 6 3 2 8 7 9 10 1     8.90316
4 5 6 3 2 8 7 9 10 1     8.90316
4 5 6 3 2 8 7 9 10 1     8.90316
4 5 6 3 2 8 7 9 10 1     8.90316
3 5 6 4 2 8 7 9 10 1     8.9285
3 5 6 4 2 8 7 9 10 1     8.9285
3 5 6 4 2 8 7 9 10 1     8.9285
3 5 6 4 2 8 7 9 10 1     8.9285
3 5 6 4 2 8 7 9 10 1     8.9285
3 5 6 4 2 8 7 9 10 1     8.9285
3 5 6 4 2 8 7 9 10 1     8.9285
3 5 6 4 2 8 7 9 10 1     8.9285
3 5 6 4 2 8 7 9 10 1     8.9285
3 5 6 4 2 8 7 9 10 1     8.9285
3 5 6 4 2 8 7 9 10 1     8.9285
3 5 6 4 2 8 7 9 10 1     8.9285
3 5 6 4 2 8 7 9 10 1     8.9285
3 5 6 4 2 8 7 9 10 1     8.9285
3 5 6 4 2 8 7 9 10 1     8.9285
3 5 6 1 2 8 7 9 10 4     6.9628
3 5 6 1 2 8 7 9 10 4     6.9628
3 5 6 1 2 8 7 9 10 4     6.9628
3 5 6 1 2 8 7 9 10 4     6.9628
3 5 6 1 2 8 7 9 10 4     6.9628
3 5 6 1 2 8 7 9 10 4     6.9628
3 5 6 1 2 8 7 9 10 4     6.9628
3 5 6 1 2 8 7 9 10 4     6.9628
3 5 6 1 2 8 7 9 10 4     6.9628
3 5 6 1 2 8 7 9 10 4     6.9628
3 5 6 1 2 8 7 9 10 4     6.9628
3 5 10 1 2 8 7 9 6 4     6.62038
3 5 10 1 2 8 7 9 6 4     6.62038
3 5 10 1 2 8 7 9 6 4     6.62038
3 5 10 1 2 8 7 9 6 4     6.62038
3 5 10 1 2 8 7 9 6 4     6.62038
3 5 10 1 2 8 7 9 6 4     6.62038
3 5 10 1 2 8 7 9 6 4     6.62038
3 5 10 1 2 8 7 9 6 4     6.62038
3 5 10 1 2 8 7 9 6 4     6.62038
3 5 10 1 2 8 7 9 6 4     6.62038
3 5 10 1 2 8 7 9 6 4     6.62038
3 5 10 1 2 8 7 9 6 4     6.62038
3 5 10 1 2 8 7 9 6 4     6.62038
3 5 10 1 2 8 7 9 6 4     6.62038
3 5 10 1 2 8 7 9 6 4     6.62038
3 5 10 1 2 8 7 9 6 4     6.62038
3 5 10 1 2 8 7 9 6 4     6.62038
3 5 10 1 2 8 7 9 6 4     6.62038
3 5 10 1 2 8 7 9 6 4     6.62038
3 5 10 1 2 8 7 9 6 4     6.62038
3 5 10 1 2 8 7 9 6 4     6.62038
3 5 10 1 2 8 7 9 6 4     6.62038
3 5 10 1 2 8 7 9 6 4     6.62038
3 5 10 1 2 8 7 9 6 4     6.62038
3 5 10 1 2 8 7 9 6 4     6.62038
3 5 10 1 2 8 7 9 6 4     6.62038
3 5 10 1 2 8 7 9 6 4     6.62038
3 5 10 1 2 8 7 9 6 4     6.62038
3 5 10 1 2 8 7 9 6 4     6.62038
3 5 10 1 2 8 7 9 6 4     6.62038
3 5 10 1 2 8 7 9 6 4     6.62038
3 5 10 1 2 8 7 9 6 4     6.62038
3 5 10 1 2 8 7 9 6 4     6.62038
3 5 10 1 2 8 7 9 6 4     6.62038
3 5 10 1 2 8 7 9 6 4     6.62038
3 5 10 1 2 8 7 9 6 4     6.62038
3 5 10 1 2 8 7 9 6 4     6.62038
3 5 10 1 2 8 7 9 6 4     6.62038
3 5 10 1 2 8 7 9 6 4     6.62038
3 5 10 1 2 8 7 9 6 4     6.62038
3 5 10 1 2 8 7 9 6 4     6.62038
3 5 10 1 2 8 7 9 6 4     6.62038
3 5 10 1 2 8 7 9 6 4     6.62038
3 5 10 1 2 8 7 9 6 4     6.62038
3 5 10 1 2 8 7 9 6 4     6.62038
3 5 10 1 2 8 7 9 6 4     6.62038
3 5 10 1 2 8 7 9 6 4     6.62038
3 5 10 1 2 8 7 9 6 4     6.62038
3 5 10 1 2 8 7 9 6 4     6.62038
3 5 10 1 2 8 7 9 6 4     6.62038
3 5 10 1 2 8 7 9 6 4     6.62038
3 5 10 1 2 8 7 9 6 4     6.62038
3 5 10 1 2 8 7 9 6 4     6.62038
3 5 10 1 2 8 7 9 6 4     6.62038
3 5 10 1 2 8 7 9 6 4     6.62038
3 5 10 1 2 8 7 9 6 4     6.62038
3 5 10 1 2 8 7 9 6 4     6.62038
3 5 10 1 2 8 7 9 6 4     6.62038
3 5 10 1 2 8 7 9 6 4     6.62038
3 5 10 1 2 8 7 9 6 4     6.62038
3 5 10 1 2 8 7 9 6 4     6.62038
3 5 10 1 2 8 7 9 6 4     6.62038
3 5 10 1 2 8 7 9 6 4     6.62038
3 5 10 1 2 8 7 9 6 4     6.62038
3 5 10 1 2 8 7 9 6 4     6.62038
3 5 10 1 2 8 7 9 6 4     6.62038
3 5 10 1 2 8 7 9 6 4     6.62038
3 5 10 1 2 8 7 9 6 4     6.62038
3 5 10 1 2 8 7 9 6 4     6.62038
3 5 10 1 2 8 7 9 6 4     6.62038
3 5 10 1 2 8 7 9 6 4     6.62038
3 5 10 1 2 8 7 9 6 4     6.62038
3 5 10 1 2 8 7 9 6 4     6.62038
3 5 10 1 2 8 7 9 6 4     6.62038
3 5 10 1 2 8 7 9 6 4     6.62038
3 5 10 1 2 8 7 9 6 4     6.62038
3 5 10 1 2 8 7 9 6 4     6.62038
3 5 10 1 2 8 7 9 6 4     6.62038
3 5 10 1 2 8 7 9 6 4     6.62038
3 5 10 1 2 8 7 9 6 4     6.62038
3 5 10 1 2 8 7 9 6 4     6.62038
3 5 10 1 2 8 7 9 6 4     6.62038
3 5 10 1 2 8 7 9 6 4     6.62038
3 5 10 1 2 8 7 9 6 4     6.62038
3 5 10 1 2 8 7 9 6 4     6.62038
3 5 10 1 2 8 7 9 6 4     6.62038
3 5 10 1 2 8 7 9 6 4     6.62038
3 5 10 1 2 8 7 9 6 4     6.62038
3 5 10 1 2 8 7 9 6 4     6.62038
3 5 10 1 2 8 7 9 6 4     6.62038
3 5 10 1 2 8 7 9 6 4     6.62038
3 5 10 1 2 8 7 9 6 4     6.62038
3 5 10 1 2 8 7 9 6 4     6.62038
3 5 10 1 2 8 7 9 6 4     6.62038
3 5 10 1 2 8 7 9 6 4     6.62038
3 5 10 1 2 8 7 9 6 4     6.62038
3 5 10 1 2 8 7 9 6 4     6.62038
3 5 10 1 2 8 7 9 6 4     6.62038
3 5 10 1 2 8 7 9 6 4     6.62038
3 5 10 1 2 8 7 9 6 4     6.62038
3 5 10 1 2 8 7 9 6 4     6.62038
3 5 10 1 2 8 7 9 6 4     6.62038
3 5 10 1 2 8 7 9 6 4     6.62038
3 5 10 1 2 8 7 9 6 4     6.62038
3 5 10 1 2 8 7 9 6 4     6.62038
3 5 10 1 2 8 7 9 6 4     6.62038
3 5 10 1 2 8 7 9 6 4     6.62038
3 5 10 1 2 8 7 9 6 4     6.62038
3 5 10 1 2 8 7 9 6 4     6.62038
3 5 10 1 2 8 7 9 6 4     6.62038
3 5 10 1 2 8 7 9 6 4     6.62038
3 5 10 1 2 8 7 9 6 4     6.62038
3 5 10 1 2 8 7 9 6 4     6.62038
3 5 10 1 2 8 7 9 6 4     6.62038
3 5 10 1 2 8 7 9 6 4     6.62038
3 5 10 1 2 8 7 9 6 4     6.62038
3 5 10 1 2 8 7 9 6 4     6.62038
3 5 10 1 2 8 7 9 6 4     6.62038
3 5 10 1 2 8 7 9 6 4     6.62038
3 5 10 1 2 8 7 9 6 4     6.62038
3 5 10 1 2 8 7 9 6 4     6.62038
3 5 10 1 2 8 7 9 6 4     6.62038
3 5 10 1 2 8 7 9 6 4     6.62038
3 5 10 1 2 8 7 9 6 4     6.62038
3 5 10 1 2 8 7 9 6 4     6.62038
3 5 10 1 2 8 7 9 6 4     6.62038
3 5 10 1 2 8 7 9 6 4     6.62038
3 5 10 1 2 8 7 9 6 4     6.62038
3 5 10 1 2 8 7 9 6 4     6.62038
3 5 10 1 2 8 7 9 6 4     6.62038
3 5 10 1 2 8 7 9 6 4     6.62038
3 5 10 1 2 8 7 9 6 4     6.62038
3 5 10 1 2 8 7 9 6 4     6.62038
3 5 10 1 2 8 7 9 6 4     6.62038
3 5 10 1 2 8 7 9 6 4     6.62038
3 5 10 1 2 8 7 9 6 4     6.62038
3 5 10 1 2 8 7 9 6 4     6.62038
3 5 10 1 2 8 7 9 6 4     6.62038
3 5 10 1 2 8 7 9 6 4     6.62038
3 5 10 1 2 8 7 9 6 4     6.62038
3 5 10 1 2 8 7 9 6 4     6.62038
3 5 10 1 2 8 7 9 6 4     6.62038
3 5 10 1 2 8 7 9 6 4     6.62038
3 5 10 1 2 8 7 9 6 4     6.62038
3 5 10 1 2 8 7 9 6 4     6.62038
3 5 10 1 2 8 7 9 6 4     6.62038
3 5 10 1 2 8 7 9 6 4     6.62038
3 5 10 1 2 8 7 9 6 4     6.62038
3 5 10 1 2 8 7 9 6 4     6.62038
3 5 10 1 2 8 7 9 6 4     6.62038
3 5 10 1 2 8 7 9 6 4     6.62038
3 5 10 1 2 8 7 9 6 4     6.62038
3 5 10 1 2 8 7 9 6 4     6.62038
3 5 10 1 2 8 7 9 6 4     6.62038
3 5 10 1 2 8 7 9 6 4     6.62038
3 5 10 1 2 8 7 9 6 4     6.62038
3 5 10 1 2 8 7 9 6 4     6.62038
3 5 10 1 2 8 7 9 6 4     6.62038
3 5 10 1 2 8 7 9 6 4     6.62038
3 5 10 1 2 8 7 9 6 4     6.62038
3 5 10 1 2 8 7 9 6 4     6.62038
3 5 10 1 2 8 7 9 6 4     6.62038
3 5 10 1 2 8 7 9 6 4     6.62038
3 5 10 1 2 8 7 9 6 4     6.62038
3 5 10 1 2 8 7 9 6 4     6.62038
3 5 10 1 2 8 7 9 6 4     6.62038
3 5 10 1 2 8 7 9 6 4     6.62038
3 5 10 1 2 8 7 9 6 4     6.62038
3 5 10 1 2 8 7 9 6 4     6.62038
3 5 10 1 2 8 7 9 6 4     6.62038
3 5 10 1 2 8 7 9 6 4     6.62038
3 5 10 1 2 8 7 9 6 4     6.62038
3 5 10 1 2 8 7 9 6 4     6.62038
3 5 10 1 2 8 7 9 6 4     6.62038
3 5 10 1 2 8 7 9 6 4     6.62038
3 5 10 1 2 8 7 9 6 4     6.62038
3 5 10 1 2 8 7 9 6 4     6.62038
3 5 10 1 2 8 7 9 6 4     6.62038
3 5 10 1 2 8 7 9 6 4     6.62038
3 5 10 1 2 8 7 9 6 4     6.62038
3 5 10 1 2 8 7 9 6 4     6.62038
3 5 10 1 2 8 7 9 6 4     6.62038
3 5 10 1 2 8 7 9 6 4     6.62038
3 5 10 1 2 8 7 9 6 4     6.62038
3 5 10 1 2 8 7 9 6 4     6.62038
3 5 10 1 2 8 7 9 6 4     6.62038
3 5 10 1 2 8 7 9 6 4     6.62038
3 5 10 1 2 8 7 9 6 4     6.62038
3 5 10 1 2 8 7 9 6 4     6.62038
3 5 10 1 2 8 7 9 6 4     6.62038
3 5 10 1 2 8 7 9 6 4     6.62038
3 5 10 1 2 8 7 9 6 4     6.62038
3 5 10 1 2 8 7 9 6 4     6.62038
3 5 10 1 2 8 7 9 6 4     6.62038
3 5 10 1 2 8 7 9 6 4     6.62038
3 5 10 1 2 8 7 9 6 4     6.62038
3 5 10 1 2 8 7 9 6 4     6.62038
3 5 10 1 2 8 7 9 6 4     6.62038
3 5 10 1 2 8 7 9 6 4     6.62038
3 5 10 1 2 8 7 9 6 4     6.62038
3 5 10 1 2 8 7 9 6 4     6.62038
3 5 10 1 2 8 7 9 6 4     6.62038
3 5 10 1 2 8 7 9 6 4     6.62038
3 5 10 1 2 8 7 9 6 4     6.62038
3 5 10 1 2 8 7 9 6 4     6.62038
3 5 10 1 2 8 7 9 6 4     6.62038
3 5 10 1 2 8 7 9 6 4     6.62038
3 5 10 1 2 8 7 9 6 4     6.62038
3 5 10 1 2 8 7 9 6 4     6.62038
3 5 10 1 2 8 7 9 6 4     6.62038
3 5 10 1 2 8 7 9 6 4     6.62038
3 5 10 1 2 8 7 9 6 4     6.62038
3 5 10 1 2 8 7 9 6 4     6.62038
3 5 10 1 2 8 7 9 6 4     6.62038
3 5 10 1 2 8 7 9 6 4     6.62038
3 5 10 1 2 8 7 9 6 4     6.62038
3 5 10 1 2 8 7 9 6 4     6.62038
3 5 10 1 2 8 7 9 6 4     6.62038
3 5 10 1 2 8 7 9 6 4     6.62038
3 5 10 1 2 8 7 9 6 4     6.62038
3 5 10 1 2 8 7 9 6 4     6.62038
3 5 10 1 2 8 7 9 6 4     6.62038
3 5 10 1 2 8 7 9 6 4     6.62038
3 5 10 1 2 8 7 9 6 4     6.62038
3 5 10 1 2 8 7 9 6 4     6.62038
3 5 10 1 2 8 7 9 6 4     6.62038
3 5 10 1 2 8 7 9 6 4     6.62038
3 5 10 1 2 8 7 9 6 4     6.62038
3 5 10 1 2 8 7 9 6 4     6.62038
3 5 10 1 2 8 7 9 6 4     6.62038
3 5 10 1 2 8 7 9 6 4     6.62038
3 5 10 1 2 8 7 9 6 4     6.62038
3 5 10 1 2 8 7 9 6 4     6.62038
3 5 10 1 2 8 7 9 6 4     6.62038
3 5 10 1 2 8 7 9 6 4     6.62038
3 5 10 1 2 8 7 9 6 4     6.62038
3 5 10 1 2 8 7 9 6 4     6.62038
3 5 10 1 2 8 7 9 6 4     6.62038
3 5 10 1 2 8 7 9 6 4     6.62038
3 5 10 1 2 8 7 9 6 4     6.62038
3 5 10 1 2 8 7 9 6 4     6.62038
3 5 10 1 2 8 7 9 6 4     6.62038
3 5 10 1 2 8 7 9 6 4     6.62038
3 5 10 1 2 8 7 9 6 4     6.62038
3 5 10 1 2 8 7 9 6 4     6.62038
3 5 10 1 2 8 7 9 6 4     6.62038
3 5 10 1 2 8 7 9 6 4     6.62038
3 5 10 1 2 8 7 9 6 4     6.62038
3 5 10 1 2 8 7 9 6 4     6.62038
3 5 10 1 2 8 7 9 6 4     6.62038
3 5 10 1 2 8 7 9 6 4     6.62038
3 5 10 1 2 8 7 9 6 4     6.62038
3 5 10 1 2 8 7 9 6 4     6.62038
3 5 10 1 2 8 7 9 6 4     6.62038
3 5 10 1 2 8 7 9 6 4     6.62038
3 5 10 1 2 8 7 9 6 4     6.62038
3 5 10 1 2 8 7 9 6 4     6.62038
3 5 10 1 2 8 7 9 6 4     6.62038
3 5 10 1 2 8 7 9 6 4     6.62038
3 5 10 1 2 8 7 9 6 4     6.62038
3 5 10 1 2 8 7 9 6 4     6.62038
3 5 10 1 2 8 7 9 6 4     6.62038
3 5 10 1 2 8 7 9 6 4     6.62038
3 5 10 1 2 8 7 9 6 4     6.62038
3 5 10 1 2 8 7 9 6 4     6.62038
3 5 10 1 2 8 7 9 6 4     6.62038
3 5 10 1 2 8 7 9 6 4     6.62038
3 5 10 1 2 8 7 9 6 4     6.62038
3 5 10 1 2 8 7 9 6 4     6.62038
3 5 10 1 2 8 7 9 6 4     6.62038
3 5 10 1 2 8 7 9 6 4     6.62038
3 5 10 1 2 8 7 9 6 4     6.62038
3 5 10 1 2 8 7 9 6 4     6.62038
3 5 10 1 2 8 7 9 6 4     6.62038
3 5 10 1 2 8 7 9 6 4     6.62038
3 5 10 1 2 8 7 9 6 4     6.62038
3 5 10 1 2 8 7 9 6 4     6.62038
3 5 10 1 2 8 7 9 6 4     6.62038
3 5 10 1 2 8 7 9 6 4     6.62038
3 5 10 1 2 8 7 9 6 4     6.62038
3 5 10 1 2 8 7 9 6 4     6.62038
3 5 10 1 2 8 7 9 6 4     6.62038
3 5 10 1 2 8 7 9 6 4     6.62038
3 5 10 1 2 8 7 9 6 4     6.62038
3 5 10 1 2 8 7 9 6 4     6.62038
3 5 10 1 2 8 7 9 6 4     6.62038
3 5 10 1 2 8 7 9 6 4     6.62038
3 5 10 1 2 8 7 9 6 4     6.62038
3 5 10 1 2 8 7 9 6 4     6.62038
3 5 10 1 2 8 7 9 6 4     6.62038
3 5 10 1 2 8 7 9 6 4     6.62038
3 5 10 1 2 8 7 9 6 4     6.62038
3 5 10 1 2 8 7 9 6 4     6.62038
3 5 10 1 2 8 7 9 6 4     6.62038
3 5 10 1 2 8 7 9 6 4     6.62038
3 5 10 1 2 8 7 9 6 4     6.62038
3 5 10 1 2 8 7 9 6 4     6.62038
3 5 10 1 2 8 7 9 6 4     6.62038
3 5 10 1 2 8 7 9 6 4     6.62038
3 5 10 1 2 8 7 9 6 4     6.62038
3 5 10 1 2 8 7 9 6 4     6.62038
3 5 10 1 2 8 7 9 6 4     6.62038
3 5 10 1 2 8 7 9 6 4     6.62038
3 5 10 1 2 8 7 9 6 4     6.62038
3 5 10 1 2 8 7 9 6 4     6.62038
3 5 10 1 2 8 7 9 6 4     6.62038
3 5 10 1 2 8 7 9 6 4     6.62038
3 5 10 1 2 8 7 9 6 4     6.62038
3 5 10 1 2 8 7 9 6 4     6.62038
3 5 10 1 2 8 7 9 6 4     6.62038
3 5 10 1 2 8 7 9 6 4     6.62038
3 5 10 1 2 8 7 9 6 4     6.62038
3 5 10 1 2 8 7 9 6 4     6.62038
3 5 10 1 2 8 7 9 6 4     6.62038
3 5 10 1 2 8 7 9 6 4     6.62038
3 5 10 1 2 8 7 9 6 4     6.62038
3 5 10 1 2 8 7 9 6 4     6.62038
3 5 10 1 2 8 7 9 6 4     6.62038
3 5 10 1 2 8 7 9 6 4     6.62038
3 5 10 1 2 8 7 9 6 4     6.62038
3 5 10 1 2 8 7 9 6 4     6.62038
3 5 10 1 2 8 7 9 6 4     6.62038
3 5 10 1 2 8 7 9 6 4     6.62038
3 5 10 1 2 8 7 9 6 4     6.62038
3 5 10 1 2 8 7 9 6 4     6.62038
3 5 10 1 2 8 7 9 6 4     6.62038
3 5 10 1 2 8 7 9 6 4     6.62038
3 5 10 1 2 8 7 9 6 4     6.62038
