8 7 6 7 2 5 9 4 3 10     5.38726
2 3 7 9 6 8 5 10 4 7     4.50509
9 7 10 8 4 5 2 3 7 6     4.35044
2 7 8 7 9 4 5 3 10 6     4.3083
7 8 10 4 7 5 6 3 2 9     4.76957
2 8 9 10 4 3 7 5 7 6     4.08064
4 9 5 6 3 7 7 8 10 2     4.91295
6 7 5 8 7 10 2 9 3 4     4.79898
2 5 7 6 9 10 3 4 7 8     4.03446
2 9 8 10 7 4 7 3 6 5     4.35559
10 2 4 3 5 9 7 8 6 7     4.73033
9 7 2 8 6 10 4 5 3 7     5.32431
10 9 4 7 7 5 6 8 3 2     3.91689
5 7 8 4 2 6 9 10 3 7     5.45875
10 8 4 5 9 6 7 2 3 7     4.66683
8 6 10 2 5 4 7 3 7 9     5.2297
3 10 7 4 9 6 8 2 5 7     4.86998
10 4 2 7 6 7 9 3 5 8     5.18437
3 9 10 6 2 5 4 8 7 7     4.25312
5 4 9 7 6 8 10 3 2 7     4.26624
7 10 7 8 6 5 9 4 3 2     4.39816
10 5 7 2 8 3 4 6 9 7     5.63198
10 8 7 2 5 3 4 6 7 9     5.04826
5 10 6 8 7 7 2 4 9 3     5.11209
10 7 2 8 7 6 5 4 9 3     4.58564
9 5 10 2 3 8 7 4 6 7     4.92456
6 9 10 8 7 4 3 2 7 5     4.26385
4 7 6 2 3 7 8 10 9 5     4.28329
3 9 10 7 7 2 5 4 6 8     3.80959
9 2 7 4 3 6 7 10 5 8     5.45581
9 4 5 10 7 6 8 7 3 2     4.13211
4 2 9 6 10 8 7 3 7 5     4.88032
8 10 6 3 5 2 9 7 7 4     5.3141
8 10 7 6 4 9 7 2 3 5     4.74308
10 2 8 3 5 4 7 6 9 7     4.99369
8 7 9 7 5 4 3 6 10 2     4.69508
10 2 3 7 7 8 9 5 4 6     3.90577
10 9 7 3 2 8 5 4 6 7     4.22707
2 6 4 5 3 8 7 9 7 10     4.6009
9 2 4 6 3 8 7 10 7 5     5.147
10 5 4 2 3 6 7 7 9 8     3.95117
6 7 4 3 2 10 9 5 8 7     4.52452
2 10 3 7 8 7 4 6 5 9     4.50944
2 8 5 6 10 7 9 4 3 7     4.85451
9 2 8 10 7 7 6 5 4 3     3.87079
9 7 7 4 8 3 2 6 5 10     4.99166
2 4 8 7 5 10 7 9 6 3     4.80953
4 7 10 3 8 5 9 7 2 6     5.75172
4 2 3 8 7 9 5 7 10 6     4.5977
9 5 6 4 3 2 10 8 7 7     4.04555
7 5 6 9 2 4 3 10 7 8     4.75628
6 7 7 10 8 2 3 4 5 9     4.16599
2 5 9 7 4 8 7 6 10 3     4.72356
5 4 7 7 3 2 8 6 9 10     4.0704
6 9 10 2 8 7 7 5 4 3     4.18037
2 10 3 9 7 5 4 7 8 6     3.72621
7 10 5 9 6 8 7 2 3 4     4.71858
2 4 3 6 5 7 7 8 10 9     3.69229
6 4 8 10 2 3 7 7 5 9     4.98552
7 5 2 9 6 4 7 8 3 10     5.58263
10 7 5 3 4 7 2 6 8 9     5.13084
3 7 2 9 5 4 8 10 7 6     4.42456
5 4 3 7 8 9 10 2 6 7     4.45941
5 3 8 6 4 9 10 2 7 7     5.19886
4 3 6 8 5 7 7 2 9 10     4.63462
8 9 5 4 7 6 7 2 3 10     4.29039
9 7 8 10 7 2 4 3 5 6     4.70905
7 4 3 5 9 6 10 8 7 2     5.38471
10 2 9 5 8 7 7 3 6 4     5.17248
2 9 7 3 10 8 5 7 6 4     4.28628
3 7 7 5 4 8 2 6 10 9     4.37539
10 9 6 5 3 2 7 8 4 7     4.59652
7 10 4 7 8 6 2 9 3 5     5.33776
3 8 7 7 10 4 6 5 9 2     4.35665
4 7 7 10 9 3 2 6 5 8     4.17266
3 2 8 7 7 4 6 10 5 9     4.29129
4 5 2 7 7 3 8 10 6 9     5.00559
7 5 10 7 4 2 8 9 6 3     5.52327
10 8 4 2 3 9 7 7 6 5     3.83783
3 2 8 4 5 7 7 10 6 9     3.75062
9 8 6 5 7 2 3 4 7 10     4.1408
6 4 5 3 8 10 9 7 7 2     4.71525
6 10 8 5 4 7 7 9 3 2     4.20853
4 8 7 6 9 10 7 5 3 2     4.10939
4 3 10 6 5 2 7 7 8 9     4.56298
5 4 3 6 2 10 8 7 9 7     4.98597
6 3 7 10 8 2 9 7 4 5     5.22746
3 6 10 9 4 5 7 2 8 7     4.53628
4 5 2 7 7 6 9 10 8 3     4.22321
9 6 7 5 4 3 2 8 7 10     3.96669
8 2 10 7 9 3 7 4 6 5     5.21408
3 7 6 5 8 7 10 4 2 9     4.4139
7 3 7 8 9 10 2 6 4 5     4.73334
7 10 4 9 8 5 6 3 2 7     5.28333
4 7 10 6 8 5 9 7 3 2     4.68503
4 5 9 7 7 3 10 2 8 6     4.48091
7 8 9 6 7 5 3 4 10 2     4.78339
8 2 3 10 7 7 4 5 6 9     4.15636
5 4 8 9 10 2 7 3 6 7     5.02813
9 8 5 4 7 6 10 2 3 7     4.24122
5 2 6 4 10 7 7 9 8 3     5.44537
2 3 8 6 10 5 7 9 4 7     4.44062
2 3 7 7 5 8 10 9 4 6     3.7334
2 5 6 7 7 9 10 4 3 8     3.98722
6 10 4 7 3 5 7 8 2 9     5.8518
3 9 7 8 4 10 2 5 6 7     4.57
3 9 10 8 7 7 2 5 6 4     3.84355
9 5 10 2 3 4 7 8 6 7     4.40965
5 4 6 3 9 7 8 7 10 2     4.7706
10 2 8 7 6 9 7 3 5 4     4.60767
9 7 2 10 7 8 3 5 6 4     5.04707
2 7 8 7 6 10 9 3 4 5     3.43667
10 3 9 4 8 7 6 5 7 2     4.97723
10 5 8 6 4 3 2 7 7 9     4.47003
2 10 4 7 8 7 5 6 9 3     4.14105
8 4 6 2 9 3 5 7 7 10     5.56902
7 5 6 9 4 2 10 3 8 7     5.27137
2 3 9 8 10 4 7 6 7 5     3.4096
5 4 10 3 2 8 7 7 6 9     4.15321
7 5 8 9 7 4 6 2 3 10     5.00284
7 3 2 10 5 9 6 8 7 4     4.83948
5 3 7 6 2 10 4 8 7 9     5.75577
5 3 7 10 6 8 4 7 9 2     5.44794
7 7 4 10 9 8 5 2 3 6     4.71327
8 6 5 10 2 7 9 3 7 4     5.21296
8 2 9 7 10 6 7 5 4 3     4.55864
4 8 7 6 5 7 2 3 9 10     4.13825
3 2 7 5 4 9 8 7 6 10     3.57204
10 2 5 9 4 3 8 7 7 6     4.96328
7 6 4 10 9 3 7 5 8 2     5.28139
4 7 7 5 10 6 9 3 2 8     4.61603
2 7 6 8 4 10 9 7 3 5     4.46165
3 2 7 5 9 7 6 4 8 10     4.27099
4 2 8 10 7 7 6 5 3 9     4.5434
8 9 7 3 6 7 10 4 5 2     5.1237
5 3 2 6 4 9 10 7 8 7     4.8812
7 4 5 3 10 2 8 6 7 9     4.78754
7 4 5 3 10 7 6 8 2 9     4.83023
10 5 9 2 7 3 7 8 6 4     5.44481
9 5 10 2 3 7 4 7 8 6     4.75855
2 4 5 7 10 8 7 9 6 3     3.97521
3 5 2 6 9 4 7 7 8 10     4.84112
2 3 10 8 7 9 7 6 4 5     3.07992
5 7 6 8 9 2 10 3 7 4     4.65061
8 5 2 9 3 7 10 4 6 7     5.74167
7 10 5 6 8 9 2 4 7 3     4.94188
10 3 4 7 6 5 9 7 8 2     4.70332
7 4 6 9 5 2 3 10 8 7     5.06528
3 6 5 9 4 2 10 7 7 8     4.44295
5 10 9 8 2 3 6 4 7 7     4.76261
6 7 7 4 3 10 2 9 8 5     4.53
7 7 6 10 9 8 5 4 2 3     3.54978
7 2 9 4 7 10 3 5 8 6     5.54233
10 8 6 9 2 3 7 4 5 7     4.11771
5 2 4 10 6 8 7 3 7 9     5.60614
7 9 5 6 7 8 4 10 3 2     4.68017
5 8 6 7 7 9 4 2 10 3     4.66214
4 8 6 7 5 3 2 10 7 9     4.33866
10 2 7 9 7 5 4 3 6 8     4.62799
7 7 3 5 6 4 10 9 8 2     4.89402
7 2 7 6 8 5 3 9 10 4     5.18827
6 3 7 7 5 10 9 4 8 2     5.74418
6 5 2 7 7 9 10 8 4 3     4.81113
2 10 4 9 6 3 7 5 8 7     5.19458
3 2 10 5 6 7 8 9 7 4     3.3847
6 3 5 4 10 9 2 7 8 7     5.1997
6 3 4 7 7 9 5 2 8 10     5.6684
6 8 4 9 7 10 3 2 5 7     5.18362
5 7 10 4 9 7 6 8 3 2     4.6892
2 10 5 4 3 7 8 6 9 7     4.0721
9 10 2 3 6 7 4 5 7 8     3.85413
6 9 2 3 8 7 4 10 5 7     5.29504
10 2 6 9 8 7 5 3 7 4     5.11804
3 7 9 5 7 10 6 2 4 8     5.19959
3 9 2 7 7 6 4 10 5 8     4.67012
6 9 4 5 8 7 7 3 2 10     4.54528
7 6 9 5 3 4 8 7 2 10     5.51133
7 6 9 5 7 10 2 3 8 4     4.89705
9 5 10 7 6 4 3 7 2 8     5.60468
10 2 4 7 8 9 3 7 5 6     4.63934
7 7 8 5 3 4 9 2 10 6     5.05403
6 2 3 10 9 5 4 7 7 8     4.29825
9 5 4 7 10 8 3 2 6 7     4.62948
9 7 10 8 6 2 4 5 3 7     4.94294
2 4 3 6 7 5 7 8 9 10     3.87556
7 2 9 10 3 7 6 5 4 8     4.73905
10 7 9 3 5 8 6 2 7 4     5.36882
9 3 6 7 4 2 10 8 5 7     5.15716
8 6 10 7 7 5 4 9 2 3     3.96079
7 7 2 6 4 8 3 10 9 5     5.5383
10 2 7 7 3 4 6 8 9 5     4.63787
7 6 5 7 8 10 2 9 3 4     4.34272
6 3 10 8 7 9 2 5 4 7     5.24262
7 5 4 6 8 7 9 3 2 10     4.10146
6 7 10 7 4 5 9 2 8 3     5.18421
3 10 6 7 7 5 4 8 2 9     4.03842
3 10 2 4 8 7 9 6 7 5     4.10817
3 2 7 6 4 10 8 7 9 5     3.94066
3 9 5 6 7 8 10 7 2 4     4.11414
8 9 10 7 3 6 4 7 5 2     5.32783
2 4 9 7 3 10 8 5 7 6     4.48155
7 2 8 7 6 4 5 3 9 10     4.87413
8 3 5 6 7 9 7 4 2 10     5.15367
9 5 7 4 8 10 6 7 3 2     4.77331
7 4 5 8 7 9 6 10 2 3     4.30439
6 7 5 8 10 9 4 3 7 2     5.12006
9 6 7 10 4 5 8 2 3 7     4.64626
5 6 7 9 10 8 7 3 4 2     4.29892
8 4 5 10 9 3 2 6 7 7     4.37953
6 4 7 5 3 8 7 2 9 10     5.49285
8 7 9 10 7 6 5 2 4 3     4.41198
4 10 5 8 2 7 6 3 7 9     5.916
7 3 9 2 10 5 8 4 6 7     5.75887
2 10 8 6 9 7 7 5 4 3     3.26665
9 10 6 7 8 2 5 3 4 7     5.01157
7 4 10 9 3 2 8 6 7 5     4.28734
10 7 2 3 8 5 7 6 4 9     4.99609
2 6 7 4 7 8 10 5 3 9     4.80696
4 5 6 7 8 2 3 10 7 9     3.7864
7 2 3 5 8 6 9 10 4 7     4.95837
9 4 7 10 6 7 8 5 2 3     4.71073
8 3 2 7 5 4 9 10 6 7     4.51137
3 5 2 7 8 10 9 6 7 4     4.22053
4 7 6 5 10 2 7 3 9 8     4.9601
6 4 3 9 2 10 7 8 7 5     4.78346
10 2 8 6 7 5 4 3 7 9     4.42021
2 3 5 9 8 10 4 7 6 7     3.95462
4 7 9 7 5 6 3 2 8 10     4.58304
3 6 9 8 7 10 5 7 4 2     4.53159
6 5 10 9 8 7 7 3 2 4     4.0414
8 4 10 3 2 6 5 7 7 9     4.841
3 2 10 4 8 5 7 9 7 6     4.04669
8 6 9 4 2 7 3 10 7 5     5.2973
3 4 8 10 2 6 9 7 7 5     4.1805
4 5 7 7 3 10 8 9 6 2     4.34849
7 5 8 10 6 2 3 9 7 4     4.90275
9 2 3 10 5 4 8 7 6 7     4.15866
10 3 2 6 7 8 5 4 9 7     4.44556
7 9 7 10 5 6 4 3 2 8     4.75255
7 7 8 4 3 9 10 2 5 6     4.60346
4 7 5 2 7 8 9 3 10 6     5.03839
3 2 5 8 7 10 9 4 7 6     3.86614
4 5 7 3 9 6 7 10 2 8     4.65918
7 5 4 2 10 6 8 3 7 9     4.97731
4 5 6 7 8 9 10 2 3 7     3.40543
3 4 8 9 5 6 10 7 7 2     4.2446
9 8 5 3 6 4 2 7 7 10     5.32247
7 9 8 10 7 4 3 6 2 5     5.38068
4 10 2 3 7 7 5 8 6 9     4.39001
7 9 5 6 10 4 3 8 2 7     5.84125
2 10 8 9 7 5 4 7 3 6     4.13051
6 9 2 3 5 8 7 7 4 10     4.92617
6 9 2 3 5 8 7 7 4 10     4.92617
2 9 3 6 10 7 5 8 4 7     5.1499
2 7 8 4 6 10 5 3 9 7     5.19405
5 3 2 4 9 6 7 8 10 7     4.68352
5 4 8 9 7 7 2 10 3 6     4.8759
7 6 8 9 5 3 2 10 4 7     4.74416
7 9 7 3 2 8 5 10 6 4     5.22055
5 8 9 2 6 7 10 7 4 3     5.01288
2 7 5 9 7 6 8 3 4 10     4.67118
10 7 4 3 5 6 7 8 9 2     4.34515
7 6 8 5 7 9 10 2 4 3     4.36802
9 4 7 7 10 6 5 3 2 8     4.63789
9 10 5 7 7 8 4 3 2 6     4.32222
6 7 5 2 4 10 3 9 7 8     5.30397
2 5 7 9 4 7 3 10 8 6     4.62222
9 4 2 3 7 8 7 10 5 6     4.57173
2 6 7 8 3 10 9 7 5 4     3.80003
3 5 7 10 6 2 4 7 8 9     4.6414
6 9 7 2 3 5 8 7 10 4     5.08918
2 9 7 5 7 10 6 8 3 4     4.14916
6 5 4 10 3 7 7 9 8 2     4.68566
2 8 6 4 7 3 9 10 7 5     4.25224
7 4 3 2 9 8 6 10 5 7     4.57155
4 9 7 8 2 7 6 10 3 5     5.12058
4 9 8 7 3 7 5 6 2 10     5.20421
9 10 8 5 6 4 2 7 3 7     5.17763
6 7 9 2 4 10 8 5 3 7     5.5759
9 2 8 4 6 10 7 7 5 3     5.16224
7 2 5 9 8 7 6 4 3 10     5.29272
7 7 10 4 5 8 2 3 6 9     4.79399
3 7 2 10 6 9 8 5 4 7     4.5051
7 5 7 4 9 10 6 8 2 3     4.51866
2 8 3 6 4 9 10 7 7 5     4.53149
3 2 4 7 10 8 7 6 5 9     3.66223
7 9 5 4 3 10 6 8 2 7     5.14377
6 3 9 8 7 10 4 5 7 2     5.12105
3 7 7 6 5 10 9 2 4 8     4.09084
8 4 10 2 5 6 7 3 7 9     5.66888
2 7 5 6 4 3 10 7 8 9     4.11951
2 10 5 3 4 7 6 8 9 7     4.20756
3 4 5 7 10 6 7 2 9 8     3.80278
7 7 10 8 4 2 9 5 6 3     5.15281
4 5 10 2 6 7 8 7 3 9     4.79703
10 7 2 8 4 9 3 7 5 6     5.57538
2 4 7 7 10 3 8 6 9 5     4.27197
4 7 8 10 9 6 2 3 5 7     4.45172
7 5 2 4 6 3 7 8 10 9     5.36616
2 7 8 4 7 5 9 3 6 10     5.28959
6 7 10 9 4 5 8 7 3 2     4.24698
8 2 9 7 7 10 6 4 3 5     4.98333
5 3 10 7 2 8 4 7 9 6     5.77974
10 7 3 8 6 4 5 7 9 2     4.67128
8 9 4 6 3 2 7 7 10 5     4.92197
3 6 10 4 5 7 2 7 9 8     4.63885
7 9 10 3 2 4 6 8 7 5     3.98491
3 8 2 4 6 7 9 10 7 5     4.15259
2 7 3 8 9 7 5 6 10 4     4.63832
9 8 7 7 3 2 5 6 4 10     4.44101
3 4 6 7 10 9 7 2 8 5     4.17905
3 6 7 7 2 5 4 9 10 8     4.06574
10 9 6 5 4 7 2 8 3 7     4.99521
5 9 3 6 8 7 7 4 10 2     5.16146
9 7 8 2 3 10 5 7 6 4     4.4329
9 10 6 5 3 2 7 7 4 8     4.42646
10 8 4 7 2 3 9 7 5 6     4.54702
5 4 3 7 6 10 2 7 9 8     4.68955
4 3 2 10 6 9 5 7 7 8     4.13348
4 9 3 7 5 6 2 10 8 7     5.14745
2 9 5 10 8 4 3 7 7 6     4.4552
2 9 5 10 8 4 3 7 7 6     4.4552
9 8 3 7 2 10 4 5 7 6     4.83692
2 7 9 7 4 3 8 6 5 10     4.58395
3 10 7 7 9 8 6 5 4 2     3.18843
7 5 7 2 3 4 6 9 10 8     4.39743
7 9 4 7 10 3 2 6 5 8     5.08334
4 8 3 5 6 7 2 7 10 9     5.18029
8 2 7 3 7 4 10 9 6 5     5.44046
5 7 10 9 8 4 7 2 3 6     4.82151
9 10 4 7 6 8 2 5 3 7     5.30374
9 7 4 7 5 6 2 3 10 8     4.54701
2 10 6 4 9 7 7 5 3 8     4.67156
6 2 10 7 8 4 5 7 9 3     5.08476
8 5 7 7 10 4 2 3 6 9     4.9392
7 7 10 4 8 5 2 3 9 6     5.06818
7 7 8 3 2 10 6 9 5 4     4.24467
9 10 7 3 2 4 7 5 6 8     4.0732
7 4 6 5 10 9 7 2 3 8     4.87852
2 3 6 9 7 5 4 10 7 8     3.85418
10 6 5 7 4 7 3 8 9 2     5.01619
6 4 5 3 9 8 7 7 2 10     4.78585
6 7 7 8 3 10 9 2 4 5     4.12874
2 9 4 8 6 3 5 7 7 10     4.75715
6 7 8 4 10 3 2 9 7 5     4.63606
8 7 5 4 10 6 7 9 2 3     4.08521
9 2 7 4 5 10 3 7 6 8     4.84186
5 7 8 7 3 2 9 6 4 10     4.85948
7 10 2 4 9 5 8 6 7 3     5.2981
3 2 7 9 7 4 10 6 8 5     4.0932
8 2 9 3 5 6 7 7 10 4     4.877
2 9 10 4 3 8 7 5 7 6     3.99086
6 5 7 9 8 7 4 2 10 3     4.68366
4 2 3 7 9 10 5 7 8 6     4.09326
4 6 5 7 7 3 8 2 9 10     4.77261
4 3 6 5 7 7 10 2 9 8     4.36971
7 2 10 9 3 7 6 5 8 4     5.07175
3 5 4 7 10 9 8 6 2 7     4.14515
4 5 2 8 6 7 10 9 7 3     4.31846
10 8 4 9 7 7 2 6 5 3     5.23931
7 6 3 7 10 2 5 4 8 9     5.29429
4 7 7 5 3 2 8 10 6 9     4.4732
10 6 4 3 2 7 7 5 9 8     4.38557
9 3 2 5 4 8 7 6 10 7     4.42942
5 6 9 2 3 4 7 7 8 10     4.05865
8 5 7 4 3 6 7 10 9 2     4.89885
7 10 5 4 3 9 2 8 6 7     4.78996
9 2 3 6 10 7 7 8 4 5     4.12153
2 8 7 7 3 6 10 9 4 5     4.09459
7 8 3 2 10 4 9 7 5 6     4.769
5 8 3 2 4 7 7 6 10 9     4.41866
5 8 3 2 4 7 7 6 10 9     4.41866
4 5 6 7 3 9 8 10 7 2     4.22008
3 7 8 5 7 6 4 10 2 9     4.57292
2 8 3 10 7 9 6 5 7 4     4.48076
2 8 3 7 7 9 6 5 10 4     4.70548
2 7 9 3 5 8 10 7 4 6     4.78
10 5 9 4 2 3 8 6 7 7     4.67146
6 7 9 5 7 4 3 10 8 2     5.13739
5 2 3 7 10 4 8 6 7 9     5.04693
3 9 10 5 7 6 7 4 2 8     4.20106
9 3 10 7 7 5 8 6 2 4     4.76884
2 10 8 7 7 4 3 9 6 5     3.6122
4 6 7 3 5 9 10 7 2 8     5.30572
6 8 10 5 9 7 7 2 3 4     4.51959
10 4 5 7 8 6 7 9 2 3     3.66433
4 6 7 3 10 9 2 5 8 7     4.94377
5 4 3 9 2 7 10 8 6 7     4.50376
7 8 10 9 6 2 5 4 3 7     4.95722
5 7 6 7 9 4 8 10 3 2     4.46916
7 8 10 4 3 2 9 5 6 7     4.44544
4 3 2 10 6 7 8 7 5 9     4.13915
8 7 7 9 6 3 2 5 4 10     4.61256
4 7 3 2 10 6 7 9 8 5     4.25055
10 8 4 7 5 7 6 9 2 3     4.30797
5 8 4 3 10 7 2 6 9 7     5.84074
10 2 5 7 9 8 3 4 6 7     4.94511
10 5 8 2 7 4 3 9 7 6     5.2974
3 7 2 8 9 10 7 4 6 5     4.25821
3 9 2 8 10 5 4 7 6 7     4.1101
3 2 5 6 10 8 7 7 4 9     3.82545
6 2 4 3 10 8 7 7 5 9     5.1329
9 7 5 7 6 4 8 10 2 3     4.26055
10 9 7 3 2 4 7 8 5 6     4.18287
7 10 2 9 6 5 3 8 7 4     5.09666
8 2 10 9 6 5 3 7 7 4     4.8178
9 2 10 3 7 7 8 6 5 4     3.90915
7 7 6 5 4 2 8 9 3 10     4.30332
2 8 9 6 3 7 5 4 7 10     4.57754
2 9 8 7 6 7 4 3 5 10     4.14426
10 5 6 2 7 7 8 4 3 9     5.20479
8 10 5 4 3 9 6 7 2 7     5.06978
8 2 7 3 10 9 5 4 6 7     5.16377
7 6 8 7 4 5 3 9 10 2     4.20226
5 7 7 10 8 6 3 4 2 9     4.74546
7 7 5 8 6 10 9 4 2 3     4.19028
7 2 7 6 8 10 9 5 4 3     4.42524
6 7 5 7 8 10 4 9 3 2     4.61295
9 2 7 7 4 3 6 8 10 5     4.83532
3 5 8 7 7 10 6 9 2 4     4.20887
7 4 8 2 10 5 6 7 9 3     5.2914
2 10 5 7 9 6 4 7 8 3     4.6232
10 9 5 7 7 4 8 6 2 3     4.34733
7 8 9 2 5 7 4 6 10 3     5.11786
4 5 7 6 8 10 3 7 9 2     4.10866
2 3 7 6 8 9 10 7 4 5     2.89425
9 4 10 7 3 2 5 8 7 6     4.95469
9 7 2 8 10 6 4 7 5 3     5.3364
4 3 9 7 10 2 7 6 8 5     4.52892
9 8 6 7 5 3 4 10 7 2     4.70682
10 9 4 7 5 6 8 7 3 2     4.04797
4 6 2 3 5 8 7 10 9 7     4.64088
9 6 7 10 2 8 4 7 5 3     5.19363
2 6 7 5 9 8 3 4 10 7     4.81264
10 2 5 7 4 8 9 3 6 7     5.37108
6 7 3 9 2 8 7 4 10 5     5.55289
7 4 8 10 5 7 9 2 3 6     5.14384
4 7 8 10 5 7 9 2 3 6     4.56546
5 3 2 4 7 7 9 8 10 6     4.30218
7 5 2 4 3 8 7 10 9 6     4.99183
3 2 8 6 9 7 7 10 4 5     3.2899
3 9 10 4 7 2 5 7 6 8     4.37952
3 10 5 4 7 2 9 7 6 8     4.08779
2 9 8 5 4 7 10 6 3 7     4.60513
9 8 7 7 2 3 4 5 6 10     3.64249
10 9 7 3 2 6 8 7 5 4     3.81905
9 7 3 8 4 5 6 7 10 2     4.69192
7 9 8 7 6 3 4 5 2 10     4.72693
5 3 7 8 9 10 6 7 2 4     4.83674
10 7 3 9 8 2 4 7 5 6     4.92744
9 8 5 4 7 6 3 2 7 10     4.45776
2 5 7 9 3 4 8 7 6 10     4.53816
4 9 7 7 8 5 6 3 2 10     4.41368
3 2 8 10 4 5 7 6 7 9     3.43629
9 2 5 6 10 8 3 7 7 4     4.96773
8 7 10 7 9 2 3 5 4 6     4.28654
5 7 9 8 10 7 6 4 3 2     4.0483
7 3 2 4 5 9 10 6 7 8     4.19727
4 5 9 8 6 10 7 7 2 3     3.76733
4 7 9 10 6 7 8 3 2 5     4.19335
10 8 9 7 2 6 7 4 5 3     4.66719
3 8 4 9 7 6 7 5 2 10     4.79593
8 3 2 10 7 6 4 9 5 7     5.09285
10 8 2 5 9 6 3 7 4 7     6.00759
7 10 2 4 9 8 3 7 6 5     4.99018
4 6 7 8 7 5 3 2 9 10     3.97336
7 10 8 6 9 3 2 7 5 4     4.10598
10 8 6 7 9 3 2 5 4 7     4.01883
10 8 6 7 9 3 2 5 4 7     4.01883
10 6 2 7 9 7 8 5 3 4     5.28948
10 2 9 4 5 3 7 8 6 7     4.64982
3 2 4 7 6 9 5 8 10 7     4.09469
5 3 10 7 6 7 4 9 8 2     5.07812
8 7 5 10 4 2 3 7 6 9     4.91749
2 4 8 10 7 7 3 5 6 9     4.44661
2 5 8 4 7 6 9 7 10 3     4.71161
6 4 2 7 5 8 3 9 7 10     5.78668
10 2 4 5 7 6 3 9 7 8     4.51704
2 9 8 7 5 6 4 10 3 7     4.39998
6 9 8 3 2 5 10 7 4 7     5.37954
6 4 7 7 3 9 2 8 10 5     5.3674
4 10 2 3 7 5 7 8 6 9     4.40201
6 3 5 7 4 2 10 9 8 7     5.16905
4 8 5 7 6 3 10 2 9 7     5.25214
8 6 5 7 7 3 4 2 10 9     4.31396
10 6 9 4 7 8 7 2 5 3     5.44554
9 7 7 5 3 10 4 8 6 2     5.15053
2 5 7 3 7 10 8 9 6 4     4.59507
2 4 10 3 9 7 5 7 6 8     4.17586
10 2 3 6 8 9 7 7 5 4     3.56324
5 7 6 2 3 4 8 7 10 9     4.49059
3 4 9 8 5 7 10 6 2 7     4.94579
9 10 2 7 6 4 8 3 7 5     5.09496
6 10 9 7 5 7 8 3 4 2     4.84896
4 7 9 7 8 3 5 6 10 2     4.87695
5 7 9 4 2 3 7 10 8 6     4.59687
2 8 3 9 6 10 7 7 4 5     4.15418
10 3 8 9 5 4 7 7 2 6     4.97479
9 4 7 6 5 2 7 3 10 8     5.30374
7 2 8 3 5 4 6 10 7 9     5.56362
3 2 5 4 8 7 9 7 6 10     3.77294
9 2 5 3 8 7 4 7 6 10     5.43064
8 4 2 9 7 6 7 5 3 10     5.13115
4 3 2 8 6 7 9 10 5 7     4.06072
10 7 2 4 5 7 3 6 9 8     5.00371
2 3 9 5 7 8 4 7 10 6     4.26545
7 9 8 4 5 3 2 10 6 7     4.40834
8 2 6 7 10 7 9 5 4 3     4.98247
2 6 9 5 7 4 7 3 8 10     5.26754
7 4 7 5 9 10 6 8 3 2     4.66505
7 5 6 9 10 7 4 2 3 8     4.47412
4 10 2 6 9 8 7 5 7 3     5.01593
3 10 4 2 9 8 7 5 7 6     3.99182
3 10 4 2 9 8 7 5 7 6     3.99182
10 7 4 9 7 8 2 5 6 3     5.38641
9 7 7 10 6 5 2 3 4 8     4.39824
9 2 7 10 7 5 8 6 3 4     5.03959
7 4 9 8 7 2 10 6 5 3     5.1792
7 10 3 2 9 8 4 6 5 7     4.64029
7 10 4 7 6 3 2 5 8 9     5.15828
7 6 7 5 3 2 9 4 8 10     4.76902
3 10 8 7 5 7 2 6 9 4     4.62879
3 4 5 6 7 9 7 8 2 10     3.6467
7 4 2 8 10 3 6 7 5 9     5.5417
2 4 7 8 10 3 5 7 9 6     4.30655
10 6 5 9 2 3 4 8 7 7     4.34918
7 6 8 2 4 9 3 10 7 5     4.98075
2 5 7 4 7 6 3 9 8 10     4.61769
10 4 7 5 7 8 6 3 2 9     4.61893
10 3 4 2 7 6 7 5 8 9     4.64084
7 7 9 10 2 5 3 4 8 6     4.77432
6 8 10 4 5 2 7 7 9 3     4.79503
6 8 7 10 3 2 9 7 4 5     4.00378
9 8 2 10 3 7 6 7 4 5     4.31589
9 3 5 6 7 10 8 7 2 4     4.63074
9 3 5 4 2 7 10 6 7 8     4.7288
7 9 6 5 4 3 2 7 10 8     4.12296
7 9 6 5 4 3 2 10 8 7     3.89523
8 3 4 9 2 6 7 7 5 10     5.43104
9 4 2 10 6 7 5 8 7 3     5.03021
3 2 6 9 4 10 5 7 8 7     4.55153
4 7 3 10 8 5 6 7 9 2     4.66592
4 9 10 7 2 7 3 8 6 5     4.98233
7 9 7 4 5 3 10 8 6 2     4.85135
4 10 5 7 8 9 7 6 3 2     4.43119
7 3 10 2 7 5 4 8 9 6     5.07199
3 5 7 6 10 9 4 8 2 7     4.905
2 4 6 5 9 7 3 8 10 7     4.78461
2 4 6 5 7 9 3 8 10 7     4.43733
3 7 5 2 9 7 6 10 8 4     4.55987
5 7 6 3 9 8 7 4 10 2     5.05382
7 9 6 8 7 2 4 10 5 3     5.40951
10 7 2 3 5 9 7 6 4 8     5.01549
10 8 3 4 6 5 7 7 2 9     4.7308
5 2 6 4 8 9 10 7 3 7     5.82879
5 9 6 7 10 2 3 7 8 4     4.78591
5 7 8 2 10 7 3 9 6 4     5.25186
3 9 7 8 7 2 10 6 5 4     3.7463
3 2 6 7 8 7 9 10 5 4     3.23177
6 5 7 10 7 8 2 3 4 9     4.72229
3 7 6 8 4 7 2 5 10 9     4.81338
3 7 6 5 4 10 2 8 7 9     4.06926
2 3 7 9 10 6 4 8 5 7     4.28518
2 4 5 8 7 6 7 9 3 10     3.80735
10 4 5 7 7 6 8 9 3 2     3.43806
9 3 5 7 8 4 10 2 7 6     5.25761
3 10 9 8 6 2 7 4 5 7     3.98889
5 9 7 8 7 2 3 4 6 10     4.84797
7 10 9 8 5 4 3 2 6 7     4.08009
7 3 9 8 10 4 5 2 6 7     5.26335
7 8 7 6 5 4 10 9 2 3     3.57425
2 4 3 10 5 7 9 8 7 6     3.95699
2 4 3 10 5 7 9 8 7 6     3.95699
10 4 7 6 8 7 9 3 2 5     4.29003
4 3 7 5 10 8 7 2 6 9     5.37853
9 3 7 7 8 10 5 6 2 4     4.85073
9 3 7 7 8 10 5 6 2 4     4.85073
10 5 7 8 9 2 3 7 4 6     4.56189
6 7 5 8 9 2 3 7 10 4     4.69189
6 7 5 8 9 2 3 7 10 4     4.69189
6 7 5 8 9 2 3 7 10 4     4.69189
6 9 5 10 7 7 3 2 4 8     5.25458
8 9 7 10 4 7 3 2 5 6     4.82155
8 9 2 7 4 10 3 7 5 6     5.256
4 6 3 10 7 7 2 8 5 9     5.58188
10 6 3 4 9 7 2 8 5 7     5.77897
9 10 7 5 6 4 8 7 3 2     4.26547
9 7 7 6 4 5 3 8 2 10     4.72159
9 5 7 3 10 2 6 8 7 4     5.15641
9 5 7 7 3 10 2 6 8 4     5.14909
2 3 5 7 7 10 9 6 8 4     3.43762
2 3 6 5 7 10 7 8 9 4     3.7699
8 2 6 5 7 7 3 4 10 9     5.09444
3 8 6 10 7 7 5 4 2 9     3.84832
2 8 5 4 9 3 7 7 10 6     4.43059
2 10 5 4 9 3 7 8 7 6     4.14928
6 10 5 4 9 3 7 8 7 2     5.38165
7 4 6 7 9 5 2 8 10 3     5.41576
7 9 6 4 7 10 5 8 2 3     5.12587
10 4 6 7 2 3 7 5 9 8     4.83913
10 5 8 9 3 2 7 4 7 6     4.68939
2 5 4 7 10 7 6 8 9 3     3.74596
2 5 4 7 10 7 6 8 9 3     3.74596
3 4 9 10 2 6 5 8 7 7     4.09739
3 9 10 7 7 8 5 6 2 4     3.87852
3 10 9 7 7 8 5 6 2 4     3.83206
3 2 8 7 5 7 6 4 9 10     3.77279
5 3 8 7 4 7 6 2 9 10     5.34185
5 4 10 8 9 2 3 7 7 6     3.87522
9 10 2 7 8 7 6 3 4 5     4.11756
9 10 2 7 8 7 6 3 4 5     4.11756
8 9 4 10 6 5 7 7 3 2     4.51662
3 5 4 10 7 8 7 6 9 2     3.8871
3 5 4 8 7 10 6 7 9 2     4.04954
4 8 3 9 10 6 7 2 5 7     5.33893
5 7 8 6 4 3 10 2 9 7     4.78638
7 6 5 10 9 3 2 8 7 4     4.27962
2 7 3 4 7 10 5 9 8 6     4.67304
2 10 7 4 5 3 8 9 6 7     4.17144
2 10 7 4 5 3 8 9 6 7     4.17144
2 10 7 4 5 7 8 3 6 9     4.44344
6 7 10 3 2 7 9 4 8 5     5.07376
2 7 9 3 5 8 10 4 7 6     4.71959
8 7 7 4 3 6 2 5 10 9     5.40724
4 7 7 8 3 6 5 10 2 9     5.02576
4 9 7 6 7 8 5 10 2 3     4.27565
2 9 8 6 7 7 5 10 4 3     3.75914
4 9 6 8 7 7 5 10 2 3     4.07926
4 6 2 10 7 7 5 8 3 9     5.22714
2 7 10 7 6 4 5 8 3 9     4.47804
2 7 10 8 7 6 5 4 3 9     3.66818
10 3 2 4 9 7 8 5 7 6     4.36535
10 3 2 4 9 7 6 5 7 8     4.15463
7 6 8 10 2 7 4 5 3 9     4.75545
5 6 7 8 9 3 4 2 7 10     4.69386
5 6 7 8 9 4 7 2 3 10     4.52731
5 6 4 8 9 7 7 2 3 10     4.54343
2 3 6 7 4 8 7 5 10 9     4.11381
2 3 6 7 9 10 4 5 7 8     3.41457
2 3 6 7 9 8 4 5 7 10     3.71959
2 4 5 7 6 8 10 9 3 7     3.60426
2 4 7 5 6 8 10 9 3 7     4.01214
2 3 4 8 7 9 7 5 10 6     4.03719
2 3 7 8 5 9 7 4 10 6     4.4736
3 2 7 8 5 9 7 4 10 6     4.46239
4 2 6 8 5 9 7 3 10 7     5.46512
4 2 6 8 7 9 5 3 10 7     5.22197
7 9 6 5 3 2 4 10 7 8     4.68452
7 9 6 5 3 2 4 10 7 8     4.68452
6 10 2 7 5 4 8 7 9 3     5.05598
4 9 10 8 3 2 6 5 7 7     4.28518
4 8 9 10 2 7 5 3 7 6     4.83328
7 4 2 10 5 3 7 8 9 6     5.34761
6 8 3 4 5 7 2 10 9 7     4.69637
2 3 10 7 8 4 6 9 7 5     3.90183
2 3 7 10 6 7 8 9 4 5     3.39773
4 3 8 10 6 7 9 7 2 5     4.9227
3 5 8 10 6 9 4 7 2 7     5.26136
7 10 8 5 4 3 2 9 6 7     4.14837
7 10 8 5 4 3 2 9 6 7     4.14837
7 10 8 5 4 3 2 9 6 7     4.14837
2 6 8 5 4 7 7 9 10 3     3.68067
7 6 7 4 5 10 8 9 2 3     3.86825
7 6 7 4 5 10 9 8 2 3     3.87294
7 6 3 4 5 8 9 10 2 7     4.68935
9 6 3 8 2 7 7 5 4 10     5.3239
7 4 3 8 2 7 6 5 10 9     5.25023
2 7 8 10 9 7 6 4 3 5     3.86855
2 7 8 10 7 4 6 9 3 5     4.51952
8 7 6 7 5 2 3 4 10 9     4.22619
7 3 5 4 8 7 6 9 10 2     4.67429
7 3 5 4 8 7 6 9 10 2     4.67429
7 3 2 4 7 6 8 9 10 5     4.16676
7 3 2 4 6 5 8 9 10 7     4.48945
9 4 2 3 10 7 6 8 7 5     4.03048
6 8 2 3 10 7 4 5 7 9     4.43308
6 8 2 3 10 7 4 5 7 9     4.43308
6 8 2 3 7 7 4 5 10 9     4.32331
3 8 10 2 7 7 9 5 6 4     4.28458
5 7 10 8 6 7 2 4 9 3     4.93014
4 2 3 10 6 7 7 5 9 8     4.03038
4 2 3 10 6 7 7 5 9 8     4.03038
4 2 3 10 6 7 7 5 9 8     4.03038
4 10 3 5 2 7 7 6 9 8     4.97816
4 10 3 5 9 7 7 6 2 8     5.31992
6 5 9 4 7 10 7 3 2 8     5.32225
6 5 9 4 7 7 10 3 2 8     4.91082
6 5 9 4 7 7 10 3 2 8     4.91082
3 5 6 2 7 9 4 10 8 7     4.97456
3 5 10 6 7 4 9 2 8 7     4.95161
8 9 7 4 3 6 5 7 2 10     5.15972
4 2 3 7 6 8 10 9 5 7     4.09168
3 6 10 9 7 7 5 4 8 2     4.06263
3 6 7 5 7 9 10 4 8 2     4.57021
3 6 7 5 7 9 10 2 8 4     4.33129
3 5 7 6 7 9 10 4 8 2     4.31591
7 9 10 6 7 5 8 4 3 2     4.37956
7 9 5 6 7 10 8 4 3 2     4.4215
7 9 5 6 7 10 8 4 3 2     4.4215
8 9 5 10 7 6 7 4 3 2     4.40712
2 7 5 6 7 9 4 3 8 10     4.41887
2 7 5 6 7 9 4 3 8 10     4.41887
2 7 10 9 8 5 7 3 6 4     4.58214
2 9 8 7 10 6 7 3 5 4     3.84574
10 9 5 6 2 8 4 3 7 7     5.20171
7 3 4 7 8 10 2 9 5 6     4.97968
7 3 4 7 8 10 2 9 5 6     4.97968
7 4 7 2 9 8 6 5 3 10     5.12037
5 4 2 6 3 9 10 8 7 7     4.68244
3 8 2 7 9 10 6 4 5 7     4.4295
2 6 3 8 9 10 5 4 7 7     4.40639
2 7 3 8 9 6 5 10 7 4     4.73822
10 7 8 3 9 6 5 7 2 4     4.91372
6 8 4 9 10 3 5 7 7 2     5.11899
2 7 4 5 7 3 9 10 6 8     4.07681
2 7 4 9 7 3 5 10 6 8     5.15381
7 2 4 9 7 3 5 10 6 8     5.83057
2 3 7 6 9 4 5 10 7 8     3.85743
2 3 7 6 10 4 5 7 9 8     3.58597
2 3 7 6 9 4 5 7 10 8     3.64612
2 3 8 6 9 4 10 7 5 7     4.30544
2 3 9 6 10 4 7 7 5 8     4.07905
2 3 7 10 6 9 7 8 4 5     3.74528
3 9 7 10 2 6 7 8 4 5     4.05442
3 7 4 2 6 7 8 5 10 9     4.67944
3 7 4 2 6 7 8 5 10 9     4.67944
4 7 3 2 6 7 8 5 10 9     4.68417
4 7 3 2 6 7 8 5 10 9     4.68417
4 7 3 2 6 7 8 5 10 9     4.68417
4 7 3 2 6 7 8 5 10 9     4.68417
4 7 3 2 5 7 8 6 10 9     4.34694
7 4 3 9 6 8 7 5 10 2     4.91646
7 10 3 5 9 4 7 6 8 2     5.42798
8 10 9 5 4 3 7 6 7 2     4.43055
8 10 9 3 4 5 7 6 7 2     4.08328
6 10 9 3 5 4 2 8 7 7     4.72006
6 10 9 3 4 7 5 8 2 7     5.50094
6 7 8 3 10 7 5 9 2 4     5.16379
6 7 8 3 10 7 4 9 2 5     5.42057
7 7 5 3 10 2 8 9 6 4     4.90575
4 7 2 3 10 5 7 9 8 6     4.36544
4 3 2 6 10 5 7 9 8 7     4.55939
2 3 6 4 10 5 7 8 9 7     4.34619
2 3 6 4 10 5 7 8 9 7     4.34619
3 2 9 8 7 4 7 10 6 5     3.49681
9 2 10 4 7 7 8 3 6 5     4.89242
9 2 4 10 5 7 6 3 8 7     5.50491
9 2 4 6 5 7 10 3 8 7     4.96689
9 2 4 6 5 8 10 3 7 7     4.84007
2 5 4 6 10 8 9 3 7 7     4.13452
2 4 3 10 7 8 7 6 5 9     3.99655
2 4 3 9 7 8 7 6 5 10     4.02775
2 4 3 9 7 8 7 6 5 10     4.02775
3 4 10 9 7 2 5 6 7 8     4.10708
3 4 7 2 9 8 5 7 10 6     4.42138
3 2 4 7 9 8 6 7 10 5     3.48168
3 2 4 7 10 8 6 7 9 5     3.5394
3 2 5 7 10 8 6 7 9 4     3.66779
3 2 6 9 10 8 7 7 5 4     2.97347
3 2 6 9 10 8 7 7 5 4     2.97347
3 2 6 9 10 8 7 7 5 4     2.97347
3 2 6 9 10 8 7 7 5 4     2.97347
3 2 6 9 10 7 8 7 5 4     3.21936
3 2 6 9 10 7 8 7 5 4     3.21936
3 2 6 9 10 7 8 7 5 4     3.21936
3 2 6 8 9 7 10 5 4 7     3.78738
3 2 6 9 8 7 10 5 4 7     3.90177
9 2 3 4 8 7 10 5 6 7     4.40163
9 2 3 4 8 6 10 5 7 7     4.43334
5 2 3 4 8 6 10 9 7 7     4.37577
7 2 3 4 8 6 10 9 7 5     4.35875
7 4 3 2 9 6 10 8 7 5     4.30844
7 3 4 5 9 6 10 8 7 2     5.00954
10 3 4 9 7 6 8 5 7 2     4.82224
10 4 3 9 7 6 8 7 5 2     4.65009
10 8 2 3 7 6 4 7 5 9     4.82342
7 7 2 3 9 6 4 5 10 8     4.43048
7 7 2 8 9 6 4 5 3 10     4.98057
7 7 3 2 9 6 8 10 4 5     3.97028
10 7 3 2 9 6 8 7 4 5     3.9107
10 7 3 2 9 6 8 7 4 5     3.9107
10 7 3 2 9 6 8 7 4 5     3.9107
10 7 3 2 9 6 8 7 4 5     3.9107
10 7 3 2 9 6 8 7 4 5     3.9107
6 7 3 2 9 10 8 7 4 5     3.8441
6 7 3 2 9 10 8 7 4 5     3.8441
10 7 3 2 9 6 8 7 4 5     3.9107
3 7 9 2 10 6 8 7 4 5     3.82379
3 8 9 2 10 6 7 7 4 5     3.56739
3 8 9 2 10 6 7 7 4 5     3.56739
3 8 9 2 10 6 7 7 4 5     3.56739
3 8 9 2 10 6 7 7 4 5     3.56739
6 8 3 2 10 9 7 7 4 5     3.75483
6 5 3 2 10 9 7 7 4 8     4.41791
6 5 3 2 10 9 7 7 4 8     4.41791
8 7 3 2 10 9 5 6 4 7     4.63002
8 3 2 10 5 6 7 9 4 7     4.94521
8 3 2 7 6 5 9 10 4 7     4.89396
8 3 7 7 6 5 9 10 4 2     4.89373
2 3 7 7 10 6 9 5 4 8     3.9528
2 3 7 7 10 6 9 5 4 8     3.9528
2 3 4 7 10 9 6 5 7 8     3.35212
2 3 4 7 10 9 6 5 7 8     3.35212
2 3 4 7 10 9 6 5 7 8     3.35212
2 3 4 7 10 9 6 5 7 8     3.35212
2 3 4 7 10 9 6 5 7 8     3.35212
2 3 4 7 10 9 6 5 7 8     3.35212
2 3 4 9 10 7 6 5 7 8     3.28396
2 3 4 9 10 7 6 5 7 8     3.28396
2 3 6 9 10 7 4 5 7 8     3.5197
2 3 8 9 10 7 7 5 4 6     3.05832
2 3 4 7 10 9 7 5 8 6     3.44845
2 3 4 7 10 9 7 6 8 5     3.22297
2 3 4 7 10 9 8 6 7 5     2.94826
2 3 4 7 10 9 8 6 7 5     2.94826
2 3 4 7 10 9 8 6 7 5     2.94826
2 3 4 7 10 9 8 6 7 5     2.94826
2 3 4 7 10 9 8 6 7 5     2.94826
2 3 4 7 10 9 8 6 7 5     2.94826
2 3 7 7 9 10 8 6 4 5     2.84335
2 3 7 7 9 10 8 6 4 5     2.84335
2 3 7 6 9 10 8 7 4 5     3.04946
2 3 7 6 9 10 8 7 4 5     3.04946
2 3 7 6 9 10 8 7 4 5     3.04946
2 3 7 6 9 10 8 7 4 5     3.04946
2 3 10 8 7 9 6 7 4 5     3.12465
2 3 10 8 7 9 6 7 4 5     3.12465
2 3 10 6 8 9 7 7 4 5     2.94007
2 3 10 6 8 9 7 7 4 5     2.94007
2 3 10 6 8 9 7 7 4 5     2.94007
2 3 10 6 8 9 7 7 4 5     2.94007
2 3 10 7 8 9 6 7 4 5     3.08382
2 3 10 7 9 8 6 7 4 5     2.96943
2 3 10 7 9 8 6 7 4 5     2.96943
2 3 10 7 9 8 6 7 4 5     2.96943
2 3 6 7 9 8 10 7 4 5     3.29549
2 3 6 7 9 8 10 7 4 5     3.29549
2 3 6 7 9 8 10 7 4 5     3.29549
2 3 4 7 9 8 10 7 6 5     3.12791
2 3 4 7 9 8 10 7 6 5     3.12791
2 3 8 4 9 7 10 7 6 5     3.98328
2 3 10 4 9 7 8 7 6 5     3.55813
2 3 10 4 9 7 8 7 6 5     3.55813
2 3 10 4 9 7 8 7 6 5     3.55813
2 3 9 5 4 7 8 7 6 10     3.60248
9 2 3 5 4 7 8 7 6 10     4.06009
9 2 3 5 4 7 8 7 6 10     4.06009
9 2 3 4 5 7 8 7 6 10     3.73892
9 2 3 4 5 7 8 7 6 10     3.73892
9 2 3 4 5 7 8 7 6 10     3.73892
9 2 3 4 5 7 8 7 6 10     3.73892
10 2 3 4 5 7 8 7 6 9     3.63697
3 2 10 4 5 7 8 9 6 7     3.32939
3 2 10 4 5 7 8 9 6 7     3.32939
3 2 10 4 5 7 8 9 6 7     3.32939
3 2 10 4 5 7 8 9 6 7     3.32939
3 2 10 4 5 7 8 9 6 7     3.32939
3 2 10 4 5 7 8 9 6 7     3.32939
2 3 10 4 5 7 8 9 6 7     3.3846
2 3 10 7 5 4 8 9 6 7     3.52941
2 3 10 6 5 4 8 9 7 7     3.32459
2 3 10 6 5 4 8 9 7 7     3.32459
2 3 10 6 5 4 8 9 7 7     3.32459
2 3 10 6 5 4 8 9 7 7     3.32459
2 3 10 6 5 4 8 9 7 7     3.32459
2 3 10 6 5 4 8 9 7 7     3.32459
2 3 10 9 5 4 8 6 7 7     3.19744
2 3 10 9 5 4 8 6 7 7     3.19744
2 3 10 9 5 4 8 6 7 7     3.19744
2 3 10 9 5 4 8 6 7 7     3.19744
2 3 10 9 5 4 8 6 7 7     3.19744
2 3 10 9 5 4 8 6 7 7     3.19744
2 3 10 9 5 4 8 6 7 7     3.19744
2 3 10 9 5 4 8 6 7 7     3.19744
2 3 10 9 5 4 8 6 7 7     3.19744
2 3 10 9 5 4 7 6 8 7     3.20476
2 3 10 9 5 4 7 6 8 7     3.20476
2 3 10 8 5 4 6 7 7 9     3.25181
2 3 10 8 4 5 6 7 7 9     3.12576
2 3 8 9 4 5 6 7 7 10     3.25908
2 3 8 9 4 5 6 7 7 10     3.25908
2 3 8 9 4 5 6 7 7 10     3.25908
2 3 8 9 4 5 6 7 7 10     3.25908
2 3 9 8 4 5 6 7 7 10     3.13304
2 3 9 8 4 5 6 7 7 10     3.13304
2 3 8 10 4 5 6 7 7 9     3.2613
2 3 8 10 4 5 6 7 7 9     3.2613
2 3 8 10 4 5 9 7 7 6     3.50766
2 3 8 10 4 5 9 7 7 6     3.50766
2 3 8 10 4 5 9 7 7 6     3.50766
2 3 8 10 4 5 9 7 7 6     3.50766
2 3 8 10 4 5 9 7 7 6     3.50766
3 2 10 8 4 5 9 7 7 6     3.31691
3 2 10 8 6 5 9 7 7 4     3.28103
3 2 10 8 6 5 9 7 7 4     3.28103
3 2 10 8 6 5 9 7 7 4     3.28103
3 2 10 8 6 5 9 7 7 4     3.28103
3 2 10 8 6 5 9 7 7 4     3.28103
3 2 10 8 6 5 9 7 7 4     3.28103
3 2 10 8 6 4 9 7 7 5     3.3785
3 2 4 8 6 10 9 7 7 5     3.27969
3 2 4 8 6 10 9 7 7 5     3.27969
3 2 4 8 6 10 9 7 7 5     3.27969
3 2 4 7 6 10 9 8 7 5     3.16169
3 2 10 7 6 7 9 8 4 5     3.06829
3 2 10 7 6 7 9 8 4 5     3.06829
3 2 10 7 6 7 9 8 4 5     3.06829
3 2 10 7 6 7 9 8 4 5     3.06829
3 2 10 7 6 7 9 8 4 5     3.06829
3 2 10 7 6 7 8 9 4 5     2.96045
3 2 10 7 6 7 8 9 4 5     2.96045
3 2 10 7 6 7 8 9 4 5     2.96045
3 2 10 7 6 7 8 9 4 5     2.96045
3 2 10 7 6 7 8 9 4 5     2.96045
3 2 10 7 6 7 8 9 4 5     2.96045
3 2 10 7 6 7 8 9 4 5     2.96045
3 2 10 7 6 7 8 9 4 5     2.96045
3 2 10 7 6 7 8 9 4 5     2.96045
3 2 10 7 6 7 8 9 4 5     2.96045
3 2 10 7 6 7 8 9 4 5     2.96045
3 2 10 7 6 7 8 9 4 5     2.96045
3 2 10 7 6 7 9 8 4 5     3.06829
3 2 10 7 6 7 9 8 4 5     3.06829
3 2 10 7 6 7 9 8 4 5     3.06829
3 2 10 8 7 6 9 7 4 5     3.06943
3 2 10 8 7 6 9 7 4 5     3.06943
3 2 10 7 7 6 9 8 5 4     2.95241
3 2 10 7 7 6 9 8 5 4     2.95241
3 2 10 7 7 6 9 8 5 4     2.95241
3 2 10 7 7 6 9 8 5 4     2.95241
3 2 10 7 7 6 9 8 5 4     2.95241
3 2 7 6 7 10 9 8 5 4     2.96822
3 2 7 6 7 10 9 8 5 4     2.96822
3 2 7 6 7 10 9 8 5 4     2.96822
3 2 7 6 7 10 9 8 5 4     2.96822
3 2 7 6 7 10 9 8 5 4     2.96822
3 2 8 6 7 10 9 7 5 4     2.93822
3 2 8 6 7 10 9 7 5 4     2.93822
3 2 8 6 7 10 9 7 5 4     2.93822
3 2 8 6 7 10 9 7 5 4     2.93822
3 2 8 6 7 10 9 7 5 4     2.93822
3 2 8 6 7 10 9 7 5 4     2.93822
3 2 8 6 7 10 9 7 5 4     2.93822
3 2 8 6 7 10 9 7 5 4     2.93822
3 2 8 6 7 10 9 7 5 4     2.93822
3 2 8 6 7 10 9 7 5 4     2.93822
3 2 8 7 7 10 9 6 5 4     2.83015
3 2 8 7 7 10 9 6 5 4     2.83015
3 2 8 7 7 10 9 6 5 4     2.83015
3 2 9 7 7 10 8 6 5 4     2.71107
3 2 7 7 9 10 8 6 5 4     2.6372
3 2 7 7 9 10 8 6 5 4     2.6372
3 2 7 7 9 10 8 6 5 4     2.6372
3 2 7 7 9 10 8 6 5 4     2.6372
3 2 7 7 9 10 8 6 5 4     2.6372
3 2 7 7 9 10 8 6 5 4     2.6372
3 2 7 7 9 10 8 6 5 4     2.6372
3 2 7 7 9 10 8 6 5 4     2.6372
3 2 7 7 9 10 8 6 5 4     2.6372
3 2 7 7 9 10 8 6 5 4     2.6372
3 2 7 7 9 10 8 6 5 4     2.6372
3 2 7 7 9 10 8 6 5 4     2.6372
3 2 7 7 10 9 8 6 5 4     2.59638
3 2 7 7 10 9 8 6 5 4     2.59638
3 2 7 7 10 9 8 6 5 4     2.59638
3 2 7 7 10 9 8 6 5 4     2.59638
3 2 7 7 10 9 8 6 5 4     2.59638
3 2 7 7 10 9 8 6 5 4     2.59638
3 2 7 7 10 9 8 6 5 4     2.59638
3 2 7 7 10 9 8 6 5 4     2.59638
3 2 7 7 10 9 8 6 5 4     2.59638
3 2 7 7 10 9 8 6 5 4     2.59638
3 2 7 7 10 9 8 6 5 4     2.59638
3 2 7 7 10 9 8 6 5 4     2.59638
3 2 7 7 10 9 8 6 5 4     2.59638
3 2 7 7 10 9 8 6 5 4     2.59638
3 2 7 7 10 9 8 6 5 4     2.59638
3 2 7 7 10 9 8 6 5 4     2.59638
3 2 7 7 10 9 8 6 5 4     2.59638
3 2 7 7 10 9 8 6 5 4     2.59638
3 2 7 7 10 9 8 6 5 4     2.59638
3 2 7 7 10 9 8 6 5 4     2.59638
3 2 7 7 10 9 8 6 5 4     2.59638
3 2 7 7 10 9 8 6 5 4     2.59638
3 2 7 7 10 9 8 6 5 4     2.59638
3 2 7 7 10 9 8 6 5 4     2.59638
3 2 7 7 10 9 8 6 5 4     2.59638
3 2 7 7 10 9 8 6 5 4     2.59638
3 2 7 7 10 9 8 6 5 4     2.59638
3 2 7 7 10 9 8 6 5 4     2.59638
3 2 10 7 7 9 8 6 5 4     2.62756
3 2 10 7 7 9 8 6 5 4     2.62756
3 2 10 7 7 9 8 6 5 4     2.62756
3 2 10 7 7 9 8 6 5 4     2.62756
3 2 10 7 7 9 8 6 5 4     2.62756
2 3 7 7 10 9 8 6 5 4     2.6076
2 3 7 7 10 9 8 6 5 4     2.6076
2 3 7 7 10 9 8 6 5 4     2.6076
2 3 7 7 10 9 8 6 5 4     2.6076
2 3 7 7 10 9 8 6 5 4     2.6076
2 3 7 7 10 9 8 6 5 4     2.6076
2 3 7 7 10 9 8 6 5 4     2.6076
2 3 7 7 10 9 8 6 5 4     2.6076
2 3 7 7 10 9 8 6 5 4     2.6076
2 3 7 7 10 9 8 6 5 4     2.6076
2 3 7 7 10 9 8 6 5 4     2.6076
2 3 7 7 10 9 8 6 5 4     2.6076
2 3 7 7 10 9 8 6 5 4     2.6076
2 3 7 7 10 9 8 6 5 4     2.6076
2 3 7 7 10 9 8 6 5 4     2.6076
2 3 7 7 10 9 8 6 5 4     2.6076
2 3 7 7 10 9 8 6 5 4     2.6076
2 3 7 7 10 9 8 6 5 4     2.6076
3 2 7 7 10 9 8 6 5 4     2.59638
3 2 7 7 10 9 8 6 5 4     2.59638
2 3 7 7 10 9 8 6 5 4     2.6076
2 3 7 7 10 9 8 6 5 4     2.6076
2 3 7 7 10 9 8 6 5 4     2.6076
2 3 7 7 10 9 8 6 5 4     2.6076
2 3 7 7 10 9 8 6 5 4     2.6076
2 3 7 7 10 9 8 6 5 4     2.6076
2 3 7 7 10 9 8 6 5 4     2.6076
2 3 7 7 10 9 8 6 5 4     2.6076
2 3 7 7 10 9 8 6 5 4     2.6076
2 3 7 7 10 9 8 6 5 4     2.6076
2 3 7 7 10 9 8 6 5 4     2.6076
2 3 7 7 10 9 8 6 5 4     2.6076
2 3 7 7 10 9 8 6 5 4     2.6076
2 3 7 7 10 9 8 6 5 4     2.6076
2 3 7 7 10 9 8 6 5 4     2.6076
2 3 7 7 10 9 8 6 5 4     2.6076
2 3 7 7 10 9 8 6 5 4     2.6076
2 3 7 7 10 9 8 6 5 4     2.6076
2 3 7 7 10 9 8 6 5 4     2.6076
2 3 7 7 10 9 8 6 5 4     2.6076
2 3 7 7 10 9 8 6 5 4     2.6076
2 3 7 7 10 9 8 6 5 4     2.6076
2 3 7 7 10 9 8 6 5 4     2.6076
2 3 7 7 10 9 8 6 5 4     2.6076
2 3 7 7 10 9 8 6 5 4     2.6076
2 3 7 7 10 9 8 6 5 4     2.6076
2 3 7 7 10 9 8 6 5 4     2.6076
2 3 7 7 10 9 8 6 5 4     2.6076
2 3 7 7 10 9 8 6 5 4     2.6076
2 3 7 7 10 9 8 6 5 4     2.6076
3 2 7 7 10 9 8 6 5 4     2.59638
3 2 7 7 10 9 8 6 5 4     2.59638
3 2 7 7 10 9 8 6 5 4     2.59638
3 2 7 7 10 9 8 6 5 4     2.59638
3 2 7 7 10 9 8 6 5 4     2.59638
3 2 7 7 10 9 8 6 5 4     2.59638
3 2 7 7 10 9 8 6 5 4     2.59638
3 2 7 7 10 9 8 6 5 4     2.59638
3 2 7 7 10 9 8 6 5 4     2.59638
3 2 7 7 10 9 8 6 5 4     2.59638
3 2 7 7 10 9 8 6 5 4     2.59638
3 2 7 7 10 9 8 6 5 4     2.59638
3 2 7 7 10 9 8 6 5 4     2.59638
3 2 10 7 7 9 8 6 5 4     2.62756
3 2 10 7 7 9 8 6 5 4     2.62756
3 2 10 7 7 9 8 6 5 4     2.62756
2 3 7 7 10 9 8 6 5 4     2.6076
2 3 7 7 10 9 8 6 5 4     2.6076
2 3 7 7 10 9 8 6 5 4     2.6076
2 3 7 7 10 9 8 6 5 4     2.6076
2 3 7 7 10 9 8 6 5 4     2.6076
2 3 7 7 10 9 8 6 5 4     2.6076
2 3 7 7 10 9 8 6 5 4     2.6076
2 3 7 7 10 9 8 6 5 4     2.6076
2 3 7 7 10 9 8 6 5 4     2.6076
2 3 7 7 10 9 8 6 5 4     2.6076
2 3 7 7 10 9 8 6 5 4     2.6076
2 3 7 7 10 9 8 6 5 4     2.6076
2 3 7 7 10 9 8 6 5 4     2.6076
2 3 7 7 10 9 8 6 5 4     2.6076
2 3 7 7 10 9 8 6 5 4     2.6076
2 3 7 7 10 9 8 6 5 4     2.6076
2 3 7 7 10 9 8 6 5 4     2.6076
2 3 7 7 10 9 8 6 5 4     2.6076
2 3 7 7 10 9 8 6 5 4     2.6076
2 3 7 7 10 9 8 6 5 4     2.6076
2 3 7 7 10 9 8 6 5 4     2.6076
2 3 7 7 10 9 8 6 5 4     2.6076
2 3 7 7 10 9 8 6 5 4     2.6076
2 3 7 7 10 9 8 6 5 4     2.6076
2 3 7 7 10 9 8 6 5 4     2.6076
2 3 7 7 10 9 8 6 5 4     2.6076
2 3 7 7 10 9 8 6 5 4     2.6076
2 3 7 7 10 9 8 6 5 4     2.6076
2 3 7 7 10 9 8 6 5 4     2.6076
2 3 7 7 10 9 8 6 5 4     2.6076
2 3 7 7 10 9 8 6 5 4     2.6076
2 3 7 7 10 9 8 6 5 4     2.6076
2 3 7 7 10 9 8 6 5 4     2.6076
2 3 7 7 10 9 8 6 5 4     2.6076
2 3 7 7 10 9 8 6 5 4     2.6076
2 3 7 7 10 9 8 6 5 4     2.6076
2 3 7 7 10 9 8 6 5 4     2.6076
2 3 7 7 10 9 8 6 5 4     2.6076
2 3 7 7 10 9 8 6 5 4     2.6076
2 3 7 7 10 9 8 6 5 4     2.6076
2 3 7 7 10 9 8 6 5 4     2.6076
2 3 7 7 10 9 8 6 5 4     2.6076
2 3 7 7 10 9 8 6 5 4     2.6076
2 3 7 7 10 9 8 6 5 4     2.6076
2 3 7 7 10 9 8 6 5 4     2.6076
2 3 7 7 10 9 8 6 5 4     2.6076
2 3 7 7 10 9 8 6 5 4     2.6076
2 3 7 7 10 9 8 6 5 4     2.6076
3 2 7 7 10 9 8 6 5 4     2.59638
3 2 7 7 10 9 8 6 5 4     2.59638
3 2 7 7 10 9 8 6 5 4     2.59638
3 2 7 7 10 9 8 6 5 4     2.59638
3 2 7 7 10 9 8 6 5 4     2.59638
3 2 7 7 10 9 8 6 5 4     2.59638
3 2 7 7 10 9 8 6 5 4     2.59638
3 2 7 7 10 9 8 6 5 4     2.59638
3 2 7 7 10 9 8 6 5 4     2.59638
3 2 7 7 10 9 8 6 5 4     2.59638
3 2 7 7 10 9 8 6 5 4     2.59638
3 2 7 7 10 9 8 6 5 4     2.59638
3 2 7 7 10 9 8 6 5 4     2.59638
3 2 7 7 10 9 8 6 5 4     2.59638
3 2 7 7 10 9 8 6 5 4     2.59638
3 2 7 7 10 9 8 6 5 4     2.59638
3 2 7 7 10 9 8 6 5 4     2.59638
3 2 7 7 10 9 8 6 5 4     2.59638
3 2 7 7 10 9 8 6 5 4     2.59638
3 2 7 7 10 9 8 6 5 4     2.59638
3 2 7 7 10 9 8 6 5 4     2.59638
3 2 7 7 10 9 8 6 5 4     2.59638
3 2 7 7 10 9 8 6 5 4     2.59638
3 2 7 7 10 9 8 6 5 4     2.59638
3 2 7 7 10 9 8 6 5 4     2.59638
3 2 7 7 10 9 8 6 5 4     2.59638
3 2 7 7 10 9 8 6 5 4     2.59638
3 2 7 7 10 9 8 6 5 4     2.59638
3 2 7 7 10 9 8 6 5 4     2.59638
3 2 7 7 10 9 8 6 5 4     2.59638
3 2 7 7 10 9 8 6 5 4     2.59638
3 2 7 7 10 9 8 6 5 4     2.59638
3 2 7 7 10 9 8 6 5 4     2.59638
3 2 7 7 10 9 8 6 5 4     2.59638
3 2 7 7 10 9 8 6 5 4     2.59638
3 2 7 7 10 9 8 6 5 4     2.59638
